1025440
2057352
2057352
3089272
3089272
4121192
4121192
5153104
5153104
5153104
5153104
5153104
5153104
5153104
887584
887584
887856
952976
952976
952976
952976
952976
952976
952976
952976
952976
952976
952976
952976
952976
952976
953328
1939320
1939320
2238456
3041560
4073472
4073472
4073472
4298304
4298304
4298304
4298304
4298304
4298304
4298304
4298304
4298304
4298304
4298304
4298304
4298304
4298304
4298304
4298304
4298304
4298304
4298304
4298304
4298304
4298304
4298304
4298304
4298304
4298304
4298304
4298304
4298304
4298304
4298304
4298304
4298304
4298304
4298656
5100544
6134208
6134208
7166128
7166128
8198032
8198032
8198032
8198032
8198032
8198032
8198032
8198032
8198032
8198032
8198032
8198032
8198032
8198032
8198032
8198032
8198032
8198032
8198032
8198032
8198032
8198032
8198032
8198032
8198032
8198032
8198032
8198032
8198032
8198032
8198032
8198032
8198032
8198032
8198032
8198032
9229936
9229936
10261856
10261856
10589656
10589656
894688
894688
894688
894688
894688
894688
894688
894688
894688
894688
894688
894688
894688
894688
895432
895432
895432
895432
895432
895432
895432
895432
895432
895432
895432
895432
895432
895432
895432
895432
895432
895432
895432
895432
895784
1636960
2074056
3429112
3429112
4311592
4311592
4311592
4189312
4189312
4189312
4189312
4189312
4189312
4189312
4189312
4189312
4189312
4189312
4189312
5102192
5102192
5102192
5102192
5102192
5102192
5102192
5102192
5102192
5102192
5102192
5102192
5102192
5102192
5102192
5102192
5102192
5102192
5102192
5102192
5102192
5102192
5102544
5102544
6135104
6135104
7167024
7167024
7298128
7298128
894720
894720
894720
894720
894720
894720
894720
894720
894720
894720
894720
894720
894720
895464
895464
895464
895464
895464
895464
895464
895464
895464
895464
895464
895464
895464
895464
895464
895464
895464
895464
895464
895464
895464
896376
2278160
2278160
3310064
3310064
4071304
4071304
4070144
5102880
5102880
5102880
5102880
5102880
5102880
5102880
5102880
5102880
5102880
5102880
5102880
5102880
5102880
5102880
5102880
5102880
5102880
5102880
5102880
5102880
5102880
5102880
5102880
5102880
5102880
5102880
5102880
5102880
5102880
5102880
5102880
5102880
5103232
5103232
6135144
6135144
7167064
7167064
8198984
8198984
8198984
8198984
8198984
8198984
8198984
8198984
8198984
8198984
8198984
8198984
8198984
8198984
8198984
8198984
8198984
8198984
8198984
8198984
8198984
8198984
8198984
8198984
8198984
8198984
8198984
8198984
8198984
8198984
8198984
8198984
8198984
8198984
8198984
8198984
9230904
9230904
10262832
10262832
11294752
11294752
11294752
11294752
11294752
11294752
11294752
11294752
11294752
11294752
11294752
11294752
11294752
11294752
11294752
11294752
11294752
11294752
11294752
11294752
11294752
11294752
11294752
11294752
11294752
11294752
11294752
11294752
11294752
11294752
11294752
11294752
11294752
11294752
11294752
11294752
11294752
12326680
12326680
13358600
13358600
14390520
14390520
14390520
14390520
14390520
14390520
14390520
14390520
14390520
14390520
14390520
14390520
14390520
14390520
14390520
14390520
14390520
14390520
14390520
14390520
14390520
14390520
14390520
14390520
14390520
14390520
14390520
14390520
14390520
14390520
14390520
14390520
14390520
14390520
14390520
14390520
15177248
15373928
15373928
3336560
3336560
4247992
4247992
4247992
895672
895672
895672
895672
895672
895672
895672
895672
895672
895992
896440
896440
896440
896440
896440
896440
896440
896440
896440
896440
896440
896440
896440
896440
896992
2239056
2239056
3163616
3163616
4070920
4070920
4070920
5102624
5102624
5102624
5102624
5102624
5102624
5102624
5102624
5102624
5102624
5102624
5102624
5102624
5102624
5102624
5102624
5102624
5102624
5102624
5102624
5102624
5102624
5102624
5102624
5102624
5102624
5102624
5102624
5102624
5102624
5102624
5102624
5102624
5102624
5102976
5102976
6134912
6134912
7166832
7166832
7297936
7297936
5108384
5108384
5108384
5108384
5108384
5108384
5108384
5108384
5108384
5108384
5108384
5108384
5108384
5108384
5108384
5108384
5108384
5108384
5108384
5108384
5108384
5108384
5108384
5108384
5108384
5108384
5108384
5108384
5108384
5108384
5108384
5108384
5108384
5108384
5108736
5108736
5367712
6135096
6255432
7166896
7298016
7298016
895488
895488
895488
895488
895488
895488
895488
895488
895488
895488
895488
895488
895488
896232
896232
896232
896232
896232
896232
896232
896232
896232
896232
896232
896232
896232
896232
896232
896232
896232
896232
896232
896232
896232
897144
2153872
2153872
3044648
3044648
4070976
4070976
4070744
5102680
5102680
5102680
5102680
5102680
5102680
5102680
5102680
5102680
5102680
5102680
5102680
5102680
5102680
5102680
5102680
5102680
5102680
5102680
5102680
5102680
5102680
5102680
5102680
5102680
5102680
5102680
5102680
5102680
5102680
5102680
5102680
5102680
5103032
5103032
6134944
6134944
7166864
7166864
8198784
8198784
8198784
895520
895520
895520
895520
895520
895520
895520
895520
895520
895520
895520
895520
895520
896264
896264
896264
896264
896264
896264
896264
896264
896264
896264
896264
896264
896264
896264
896264
896264
896264
896264
896264
896264
896616
979912
2012592
2012592
3044504
3044504
4070848
4070848
4069816
5102552
5102552
5102552
5102552
5102552
5102552
5102552
5102552
5102552
5102552
5102552
5102552
5102552
5102552
5102552
5102552
5102552
5102552
5102552
5102552
5102552
5102552
5102552
5102552
5102552
5102552
5102552
5102552
5102552
5102552
5102552
5102552
5102552
5102904
5102904
6134816
6134816
7166736
7166736
8198656
8198656
8198656
8198656
8198656
8198656
8198656
8198656
8198656
8198656
8198656
8198656
8198656
8198656
8198656
8198656
8198656
8198656
8198656
8198656
8198656
8198656
8198656
8198656
8198656
8198656
8198656
8198656
8198656
8198656
8198656
8198656
8198656
8198656
8198656
8198656
9230576
9230576
10262504
10262504
11294424
11294424
11294424
895552
895552
895552
895552
895552
895552
895552
895552
895552
895552
895552
895552
895552
896296
896296
896296
896296
896296
896296
896296
896296
896296
896296
896296
896296
896296
896296
896296
896296
896296
896296
896296
896296
896296
897208
2134128
2134128
2844016
3165728
4076648
4076648
3990632
5102984
5102984
5102984
5102984
5102984
5102984
5102984
5102984
5102984
5102984
5102984
5102984
5102984
5102984
5102984
5102984
5102984
5102984
5102984
5102984
5102984
5102984
5102984
5102984
5102984
5102984
5102984
5102984
5102984
5102984
5102984
5102984
5102984
5103336
5103336
6135248
6135248
7167168
7167168
8199088
8199088
8199088
895584
895584
895584
895584
895584
895584
895584
895584
895584
895584
895584
895584
895584
896328
896328
896328
896328
896328
896328
896328
896328
896328
896328
896328
896328
896328
896328
896328
896328
896328
896328
896328
896328
896680
979976
2092776
2092776
3124688
3124688
4071304
4071304
4070272
5102976
5102976
5102976
5102976
5102976
5102976
5102976
5102976
5102976
5102976
5102976
5102976
5102976
5102976
5102976
5102976
5102976
5102976
5102976
5102976
5102976
5102976
5102976
5102976
5102976
5102976
5102976
5102976
5102976
5102976
5102976
5102976
5102976
5103328
5103328
6135240
6135240
7167160
7167160
8199080
8199080
8199080
895616
895616
895616
895616
895616
895616
895616
895616
895616
895616
895616
895616
895616
896360
896360
896360
896360
896360
896360
896360
896360
896360
896360
896360
896360
896360
896360
896360
896360
896360
896360
896360
896360
896712
980008
2092808
2092808
3124720
3124720
4071336
4071336
4070304
5103008
5103008
5103008
5103008
5103008
5103008
5103008
5103008
5103008
5103008
5103008
5103008
5103008
5103008
5103008
5103008
5103008
5103008
5103008
5103008
5103008
5103008
5103008
5103008
5103008
5103008
5103008
5103008
5103008
5103008
5103008
5103008
5103008
5103360
5103360
6135272
6135272
7167192
7167192
8199112
8199112
8199112
8199112
8199112
8199112
8199112
8199112
8199112
8199112
8199112
8199112
8199112
8199112
8199112
8199112
8199112
8199112
8199112
8199112
8199112
8199112
8199112
8199112
8199112
8199112
8199112
8199112
8199112
8199112
8199112
8199112
8199112
8199112
8199112
8199112
9231032
9231032
10262960
10262960
11294880
11294880
11294880
11294880
11294880
11294880
11294880
11294880
11294880
11294880
11294880
11294880
11294880
11294880
11294880
11294880
11294880
11294880
11294880
11294880
11294880
11294880
11294880
11294880
11294880
11294880
11294880
11294880
11294880
11294880
11294880
11294880
11294880
11294880
11294880
11294880
12326800
12326800
13358728
13358728
14390648
14390648
14390648
14390648
14390648
14390648
14390648
14390648
14390648
14390648
14390648
14390648
14390648
14390648
14390648
14390648
14390648
14390648
14390648
14390648
14390648
14390648
14390648
14390648
14390648
14390648
14390648
14390648
14390648
14390648
14390648
14390648
14390648
14390648
14390648
14390648
14390648
15177376
15374056
15374056
3184328
3184328
4095600
5127528
5127528
5127528
5127528
5127528
5127528
5127528
5127528
5127528
5127528
5127528
5127528
5127528
5127528
5127528
5127528
5127528
5127528
5127528
5127528
5127528
5127528
5127528
5127528
5127880
5127880
5254040
5778520
5778520
3002752
4181352
4181352
4181352
895504
895504
895504
895504
895504
895504
895504
895504
895504
895504
895504
895504
895504
895824
896272
896272
896272
896272
896272
896272
896272
896272
896272
896272
896272
896272
896272
896272
896272
896272
896272
896272
896272
896272
896824
2193064
2193064
2625576
3124632
4071232
4071232
4071232
5103240
5103240
5103240
5103240
5103240
5103240
5103240
5103240
5103240
5103240
5103240
5103240
5103240
5103240
5103240
5103240
5103240
5103240
5103240
5103240
5103240
5103240
5103240
5103240
5103240
5103240
5103240
5103240
5103240
5103240
5103240
5103240
5103240
5103240
5103592
5103592
6135528
6135528
7167448
7167448
7167448
4017712
4271224
4271224
4271224
4271224
4271224
4271224
4271224
4271224
4271224
4271224
4271224
4271224
4271224
4271224
4271224
4271224
4271224
4271224
4271224
4271224
4271224
4271224
4271224
4271224
4271224
4271224
4271224
4271224
4271224
4271224
4271224
4271224
4271224
4271576
4271576
6080520
6080520
7027136
7027136
8199360
8199360
8199360
895736
895736
895736
895736
895736
895736
895736
895736
895736
895736
895736
895736
895736
896480
896480
896480
896480
896480
896480
896480
896480
896480
896480
896480
896480
896480
896480
896480
896480
896480
896480
896480
896480
896832
977968
2092896
2092896
3124800
3124800
4071416
