-603534
0.172723
0.374942
0.224695
0.308377
3.59487
0.417602
0.473837
46.7926
75.1236
67.1494
107.407
51.9898
53.3021
52.1957
49.433
51.7667
50.0217
50.9778
56.8021
47.5851
44.9278
50.9895
47.2444
46.7045
50.1512
59.1647
43.8539
45.4419
43.6818
45.1071
40.6702
37.3564
16.7165
45.4624
36.38
37.7216
37.5258
38.6989
35.8265
37
36.5938
35.2917
58.1282
39.907
32.6698
53.641
38.8966
39.2644
33.4608
33.045
54.9518
37.7326
38.314
38.4651
39.5412
9.18082
8.87222
8.85156
12.0798
8.7933
8.76816
8.77994
9.14571
8.32877
8.61648
8.9
8.9023
5.00649
8.57714
8.86857
6.95172
10.5399
10.0821
11.9151
9.43385
2.24499
1.06318
1.1237
109.438
0.139706
71.0075
48.4793
48.2459
48.7083
49.1311
49.0413
66.1743
48.7438
56.4649
68.2037
45.803
49.4228
50.4167
22.7781
49.6393
50.5833
47.8385
39.1656
73.037
51.0248
44.482
50.1301
19.9716
15.4268
19.3177
16.0809
15.2673
19.6328
16.9122
9.51618
7.54689
12.276
9.36656
8.90393
9.20821
2.53067
1.11903
41.7723
68.5872
50.1167
49.0083
48.8595
42.8611
70.4128
49.7917
49.6833
49.3167
50.05
49.0565
58.0185
57.0083
49.2295
72.1636
50.0083
40.9869
52.0252
45.0922
71.9266
51.4833
53.3761
16.5573
19.1442
16.5316
16.1693
16.1172
16.4698
5.1914
7.99327
10.2554
9.46533
12.8266
9.40185
3.86517
1.66157
1.58079
67.7778
48.1311
48.775
48.925
50.3983
48.5772
44.2875
38.8428
57.2832
66.9189
47.7812
49.0569
48.8065
50.374
59.8115
50.8264
40.3487
50.9508
73.6182
50.1311
51.0569
51.3554
51.9008
16.6208
14.7485
16.2891
17.4557
19.2437
16.0181
5.10133
8.90318
13.2366
9.23273
9.36252
9.34869
11.1334
1.55685
1.61845
75.3714
43.8102
48.7886
49.2049
18.0965
57.8387
43.45
49.5854
49.6967
48.3468
42.1875
40.9732
61.8158
50.6694
41.4906
65.2261
38.5901
50.8033
50.5203
72.4685
53.4359
50.065
51.7642
16.8557
19.5429
15.7619
16.0777
16.2597
16.4115
9.5046
11.822
9.30828
7.27784
11.1813
9.27871
2.29328
1.13775
72.1085
48.608
48.8699
48.5691
50.3719
49.3496
17.2075
50.4274
58.0354
65.0855
43.6786
53.931
48.873
18.0485
36.5208
51.9516
40.7712
36.7719
61.5985
49.5968
50.3171
50.2419
44.3889
16.4005
11.3931
17.8325
14.6061
19.7316
16.2506
5.22157
8.2216
13.1366
9.03372
9.1934
9.33742
1.35605
1.16064
1.16419
62.8776
0.0869878
67.8913
49.2213
49.082
48.6529
47.4127
48.9504
64.4554
50.5328
50.3465
63.6838
48.1417
49.5574
49.439
28.9926
48.8226
49.5528
34.0608
41.8733
72.6486
50.5656
50.4839
50.5738
19.7726
16.3464
18.732
16.2883
9.80052
18.0431
16.3325
9.77607
8.57069
12.0844
9.36518
9
9.38556
2.68392
1.09673
47.6131
67.6071
49.6529
49.0976
50.3388
55.7119
52.3429
41.2653
50.3852
48.4715
49.5868
47.8189
50.4677
61.1695
49.459
75.1121
49.3008
39.6962
50.918
39.7296
73.3636
51.1967
46.2239
16.4341
13.1246
16.4609
16.1273
16.1896
16.226
5.17172
7.84383
10.9835
9.28116
12.4436
9.30519
3.94664
1.48862
1.75036
68.9549
47.6667
48.5738
47.5041
50.6356
48.7131
70.2353
49.0492
56.6053
67.5046
44.2847
49.935
49.1382
48.837
59.2764
49.4715
41.1
50.3171
73.2091
49.2097
51.7667
51.0492
53.2966
16.3557
16.22
15.7582
16.6058
19.8843
16.228
5.22147
8.83308
13.2126
8.13575
9.35231
9.43538
11.3497
1.48337
2.03936
24.0366
49.3333
49.541
48.8843
40.2774
71.6514
49.918
46.1515
48.6098
48.4797
50.3884
39.3766
57.344
49.7317
44.6014
59.8629
38.9325
50.7398
50.2033
65.5081
51.2231
50.5323
53.6198
16.2607
19.8964
14.0402
15.7316
16.3979
16.6217
9.26466
10.9231
9.35681
5.33384
10.227
9.39724
2.40962
1.32421
71.9606
47.3984
48.7521
48.1885
48.6557
48.1855
16.3111
54.1951
57.5929
66.7345
47.2692
49.7097
49.136
22.5563
56.6532
49.2033
39.7484
49.5
71.3596
50.048
49.272
50.8211
43.4028
16.5299
11.231
17.1084
10.1552
21.1627
16.2857
5.31987
8.96201
12.9465
9.14307
9.54
9.34049
1.33305
1.13007
1.17781
37.6918
0.147915
60.1538
50.15
50.8898
51.0932
50.8
49.562
66.0811
49.1967
47.1929
62.05
46.6183
49.8293
49.4032
74.972
50.6198
50.1322
36.1818
42.8322
72.4909
50.9106
50.4715
51.6721
20.1104
16.2727
19.6911
16.6421
8.04751
18.3643
17
9.56682
7.57405
12.5741
9.59969
9.20814
9.04896
2.62608
1.07948
52.2479
47.4275
63.5546
51.2203
52.1453
51.2821
74.1776
50.2846
50.8934
49.6829
50.65
46.5649
57.7182
57.2439
36.2254
73.1574
49.5726
40.6582
51.6667
49.8897
62.3934
51.5528
52.5328
15.5758
21.1636
16.2462
14.71
15.5437
16.1777
5.12745
8.19679
11.003
9.07402
12.9259
9.1035
3.84946
1.43696
1.82297
52.3529
50.7059
50.7983
50.9915
38.4114
49.7934
71.2353
49.2459
56.6174
70.9333
45.7444
49.4918
51.35
51.5039
61.3083
49.379
41.3557
50.9669
72.9099
51.9167
49.8548
50.4228
52.9496
16.4208
16.6105
14.4468
17.5417
20.3984
16.4141
5.19601
8.8218
13.1871
9.16143
9.37692
9.26009
11.7167
1.48
2.0368
60.1743
66.4818
51.1092
50.6471
40.2185
50.7692
61.521
50.55
50.4874
49.3033
21.2451
53.9174
52.9828
50.2314
49.0081
49.4344
38.5741
42.2027
65.7965
51.0246
16.1524
60.0732
56.3248
15.855
15.3163
20.8338
16.1088
16.4404
15.9621
13.0765
9.40832
9.41475
9.5361
9.1209
9.34356
2.31534
1.15382
46.4627
72.5909
52.2353
52.5798
51.7355
52.8413
62.6333
50.8347
45.3139
48.4355
59.5726
37.3879
48.736
49.5285
41.4503
69.9381
41.0329
50.3333
51.4344
21.5013
50.7419
50.8387
44.4507
11.7271
21.0184
16.3013
16.3928
16.2016
16.2746
4.88933
8.80857
11.4463
6.75108
12.7154
9.37519
1.36965
0.958806
1.19879
121.455
0.149712
46.2537
50.6639
50.2
51.75
52.1709
48.7823
65.8739
52.7712
46.7643
62.1901
47.1729
50.5738
52.2119
71.4821
49.1463
50.5328
34.337
52.0787
64.5966
51.3636
52.0976
51
19.9905
15.4826
19.5184
16.3686
14.628
20.0415
16.555
9.56308
7.72229
10.7957
9.12798
9.29268
9.03264
2.64917
1.10482
51.4661
47.6357
64.9744
53.7458
51.925
44.927
72.036
50.3689
51.6612
49.5122
50.3333
46.0977
57.2545
55.8699
50.5328
73.6636
50.1967
39.8481
52.2
39.7799
63.8293
52.0744
50.7561
15.6275
15.0318
15.2574
16.3212
15.728
16.4036
5.10373
8.13992
11.0864
9.39753
12.5783
9.31642
3.90455
1.73964
1.77949
52.8305
48.2538
40.625
43.6127
52.7155
50.7542
71.9802
48.8455
52.6667
67.3153
45.8864
50.9091
42.5141
50.6565
61.6364
49.4426
42.3041
50.3984
72.0982
51.0492
50.7623
43.3056
52.9
16.3385
11.2609
16.2779
17.6162
20.1026
14.1833
5.04617
9.04608
12.9861
9.35131
9.47626
9.40308
11.3617
1.50416
2.27455
56.8496
60.9758
50.6186
49.3852
42.0208
54.0565
56.7557
51.2066
50.7521
50.9262
48.7109
42.5235
64.8018
49.7581
24.4055
57.2846
31.3077
54.6772
56.816
62.6179
51.6694
51.1694
44.6689
21.7396
16.302
16.1494
16.2127
16.2716
20.5435
8.79115
9.03766
10.9895
9.56795
12.6412
8.92011
2.10096
1.45257
51.8583
52.3305
50.958
49.9833
51.9746
48.5447
17.0406
55.375
57.6518
58.687
46.0451
49.6423
49.6967
22.466
48.9041
49.3952
39.9484
49.416
73.8929
52.425
50.5041
50.4516
43.7153
16.4574
9.40057
18.114
16.903
21.0584
16.3506
5.06548
8.71701
12.9679
9.6466
9.30194
9.42923
1.35429
1.14523
1.15487
62.0707
0.186984
47.5662
50.122
52.6102
47.6406
49.9508
49.4836
64.5575
50.3252
48.0719
62.1983
45.0286
52.4309
40.5974
65.2764
42.2877
51.2295
34.6685
50.9632
64.7851
51.3065
53.6807
52.2623
20.0031
15.661
18.908
16.6564
11.2207
17.7912
16.5026
9.43263
8.74637
12.0261
9.56086
9.11573
9.12072
2.54967
1.33452
47.3984
75.9813
51.0756
51.3729
50.6333
43.3357
72.9273
50.6148
50.8678
49.1382
49.6721
47.1298
56.0893
59.2049
45.7259
66.975
45.3603
40.4459
50.6992
46.7034
62.2927
51.4016
50.6048
16.6468
21.6842
16.2734
16.7368
15.6841
16.3969
5.23148
7.34649
11.3679
8.76989
13.0752
9.21856
3.72168
1.4737
1.8028
51.3554
52.4068
51.8908
51.2017
51.3305
49.6639
69.9038
52.4915
46.8429
67.5
46.3939
49.9672
50.2066
22.1429
56.8448
49.5447
41.557
43.2276
71.0804
54.6261
50.7377
50.8618
52.875
16.4289
17.7676
16.3246
17.6354
20.084
16.2812
5.17164
8.83508
12.8685
9.15315
8.38049
9.06897
11.506
1.51152
2.22863
54.5462
59.9106
41.6438
51.9224
40.5033
55.36
61.8583
51.3033
52.8291
52.0593
61.0169
48.9919
51.9748
50.1148
42.6054
70.3182
38.5432
54.5043
51.8017
30.8814
55.4797
51.3607
54.3866
14.4778
19.3534
15.3178
16.6667
16.218
16.8743
9.63833
11.3569
8.39281
5.30123
10.2086
9.28248
2.35397
1.01561
40.5909
51.2893
51.958
51.678
51.479
38.729
17.2025
52.0976
57.0885
69.1545
45.6391
49.64
49.935
18.8777
44.1603
49.4683
40.9484
45.2431
66.5455
50.184
51.3306
47.8284
40.0435
16.3912
7.6113
15.1101
16.7955
20.6058
15.6256
5.20759
8.59971
13.1735
9.30257
9.4441
8.97651
1.30822
1.1819
1.14776
65.3736
0.0954927
52.7016
39.5197
42.9858
51.0672
51.4661
49.0645
57.1562
50.7686
42.2564
64.0424
46.4511
49.959
50.6721
72.2768
46.9692
49.9016
34.1374
55.1488
64.9417
52.8583
51.1803
51.1639
22.897
16.292
16.65
16.0179
15.9277
19.9169
16.5602
9.14532
7.52163
12.6256
9.14478
9.32725
9.0963
2.68454
1.10807
40.3548
50.9624
61.0574
47.1128
52.4417
47.2692
70.4248
49.0902
49.9016
49.6885
50.4833
46.4773
51.2149
58.2521
50.123
73.7757
49.6423
33.5484
49.9839
41.0769
71.0536
51.3525
51.0328
15.7475
19.4689
16.4961
16.1269
16.1649
16.4503
5.11417
7.96649
11.1015
9.37692
13.1864
9.34615
3.90904
1.65492
1.86254
52.1597
52.4874
51.1186
51.8017
51.0583
50.0909
71.3762
50.0738
55.5776
68.1909
36.4072
49.4113
49.5691
21.4633
51.3934
49.935
41.9733
42.5646
73.7523
50.3333
50.4959
50.8699
52.3471
16.4689
15.6197
15.0584
17.6321
19.467
15.6948
5.17563
9.15538
13.1068
9.15686
9.47158
8.93979
11.429
1.50342
2.25633
56.3103
70.3028
52.4746
54.0609
51.6833
21.1382
51.8689
50.7107
50.3607
49.6721
46.9846
48.2992
64.7105
49.439
24.5261
55.8306
39.7736
49.9919
45.6043
74.2844
50.3089
50.728
52.2213
8.23651
18.1766
16.2474
16.1418
16.5314
14.7892
9.28636
11.8991
9.50923
5.38023
10.2984
9.40769
2.27458
1.53009
50.0164
50.6218
50.7143
50.7479
50.9833
49.1138
17.3747
41.6948
57.2982
58.8189
46.3507
50.0484
50
24.0102
54.6992
50.7131
39.9351
50.6341
70.0783
50.3902
46.6029
50.4516
43.731
16.4149
7.26464
17.3057
10.6764
20.285
16.4677
5.06844
8.9403
12.6672
9.34763
9.37462
9.3374
1.36212
1.15301
1.14633
49.5917
0.174487
53.0397
50.5
52.4322
43.274
58.2623
49.4597
54.3391
50.6198
33.9721
55.623
46.6541
50.2581
47.7308
71.8468
49.9268
50.3967
34.8222
21.1088
47.4214
55.7009
45.8333
53.0167
19.5138
15.4398
19.6335
16.2093
7.72276
18.1792
16.5153
10.8683
8.01529
11.5315
8.46069
9.10386
9.125
2.69361
1.10697
51
44.7241
48.0584
52.1282
50.1967
49.7686
69.3017
50.5289
51.6833
52.2373
49.4836
46.9618
53.5254
57.6016
50.1885
74.1091
49.8279
41.4645
50.9024
47.5455
57.3182
43.1875
52.6198
16.6182
21.9501
16.1536
16.2961
16.7158
16.1554
5.20588
7.74512
10.5518
9.00147
13.2077
9.30514
3.83702
1.48278
1.66764
53
52.1833
51.5583
52.6581
48.1811
40.2617
70.8235
53.9741
49.2632
69.1636
46.9624
50.8361
50.7851
20.6822
53.7623
52.9832
41.3026
52.728
68.6696
54.9068
51.4065
52.1148
53.124
16.1263
16.6125
16.2442
17.5703
20.6174
16.3698
5.08145
8.98033
12.8321
9.43914
9.50693
8.95335
11.1898
1.52227
2.29532
58.7748
72.0566
50.4132
50.6471
50.0082
52.2481
59.748
50.8049
50.719
51.6333
47.4109
47.1832
66.6
50.0579
23.3754
57.9835
38.6111
51.2177
49.6977
74.8165
50.8537
51.623
53.5455
21.0982
16.1918
16.3886
16.1602
16.3714
16.6099
9.52986
10.9669
9.35366
5.6793
10.2917
9.52308
2.29074
1.41173
38.1963
51.35
50.325
49.8843
50.5868
49.1301
18.3613
49.4677
57.0531
65.4737
45.2741
49.626
49.7886
19.4576
56.3443
50.082
38.463
50.4959
70.1217
50.1382
51.0244
51.6721
41.4586
18.2456
15.4144
15.547
16.1351
20.5013
16.2268
5.26745
9.08475
12.4865
9.29448
9.55828
9.43865
1.31651
1.13466
1.12442
57.8411
0.185833
50.76
51.4132
52.2269
54.2105
50.2623
50.9492
66.4273
51.8729
43.8067
62.0661
46.7985
50.9016
49.6613
71.6875
49.1626
51.45
34.5667
52.8
64.6723
50.9098
51.4065
51
19.1722
16.3385
18.7257
16.5766
12.6978
19.4141
16.4635
9.50767
7.72264
11.7959
9.07738
9.34969
8.92489
2.5694
1.0809
51.1429
40.4691
63.7521
52.6983
50.9167
51.6356
72.3063
40.8367
41.1622
42.8633
49.6803
46.053
55.3333
58.8197
45.6815
73.6055
50.1311
39.5849
50.6016
53.0159
64.0331
50.0714
51.2213
16.1717
21.7696
16.1974
16.4491
15.4566
16.362
5.07869
9.04434
9.34509
5.47483
10.0293
9.30816
3.88902
1.22126
1.39401
52.5254
51.9076
51.9068
50.325
51.9915
49.686
42.1287
41.6081
57.6903
69.4865
47.3664
52.9746
50.6179
21.5068
50.5854
50.4215
42.0544
45.7817
72.4727
52.1311
51.1148
50.8525
52.95
16.2211
9.06541
16.3309
17.1671
19.4687
16.4402
5.09002
7.82857
11.5212
9.3154
9.46119
9.41916
11.5082
1.55006
2.23395
56.9652
67.3929
52.0924
51.8403
51.8583
20
49.626
48.8211
43.0935
50.1405
47.3411
46.2197
63.0088
49.4797
42.0886
61.3782
40.0955
50.5366
51.3689
72.3036
46.3158
51.6803
54.3983
16.3643
19.0151
15.464
16.5763
16.0128
15.812
9.50538
11.6829
9.41385
5.02042
9.26826
9.32923
2.28707
1.10302
52.5085
39.0844
49.719
67.9143
51.1667
49.7295
48.9675
49.377
71.973
48.7886
47.3385
49.4634
49.0448
59.7154
49.5122
50.0569
37.6933
74.0556
50.128
50.5726
49.871
51.3902
43.7483
16.4171
8.18216
17.1584
14.2174
20.6183
16.1414
5.09559
9.03369
12.9293
9.44992
9.34609
9.37615
1.36045
1.14111
1.15242
28.9948
0.155147
53.2143
49.6281
51.0504
51.1186
52.4569
47.944
66.3545
51.6807
41.987
63.7899
39.5097
50.124
49.7705
72.3661
50.5902
49.7805
34.2652
55.2149
64.0168
51.6066
51.3058
46.0444
20.0629
15.7355
18.5477
16.1143
12.7132
19.2119
16.5785
9.6181
7.4988
12.7187
9.38402
9.30382
9.04911
2.60803
1.10032
52.6891
55.1774
62.6471
52.8319
52.3697
44.3623
71.5179
51.2583
51.4262
50.075
50.8235
47.1538
57
60.9658
50.4262
60.218
50.1311
40.0764
50.8049
53.2937
63.5124
50.9837
50.374
15.8775
20.6366
16.5474
16.1094
16.1273
16.3133
5.1786
7.89257
11.3364
8.04211
12.3055
9.13705
3.85892
1.53329
1.65146
54.3534
52.7521
52.1597
52.5508
52.4
51.0496
69.4904
50.6803
56.9576
69.0091
47
50.5203
49.6911
20.3046
50.9756
51.0083
41.0199
43.8112
70.4779
53.5323
52.0909
51.4754
52.7333
15.7282
14.2207
13.3255
17.3255
20.0395
16.4581
5.17538
9.01229
13.126
9.46472
9.3775
9.36
11.2984
1.50693
2.24544
22.184
68.3981
51
53.4825
50.4083
48.6029
61.9583
50.2583
48.8374
49.8689
46.6794
44.9191
62.6814
50.3719
16.1442
57.3089
38.7901
50.3415
50.6341
71.5357
49.9187
51.5246
52.6612
17.1169
19.4948
16.226
16.3091
14.5681
19.6853
9.23696
10.9376
9.4497
5.19187
10.2377
9.34409
2.28128
1.06674
50.9016
50.85
50.4706
49.2623
50.3802
48.5854
17.0611
54.8992
57.0265
65.6842
46.2955
48.336
50.6917
18.7103
51.1606
49.8862
40.2026
49.472
70.0263
49.7581
50.192
51.5372
44.0764
16.2545
10.8643
17.6321
14.162
20.9704
16.155
5.16709
9.00767
12.8376
9.38249
8.86003
9.0429
1.31717
1.12722
1.1151
54.4474
0.132579
50.896
54.1552
46.5564
53.4138
50.0826
48.7724
68.1574
48.7623
45.0839
62.6068
46.3106
41.8367
48.416
73.8131
50.1885
49.1951
34.1209
42.6757
70.9189
51.3852
50.6585
50.379
19.815
16.4844
19.6595
14.6929
16.5732
19.5182
16.6063
9.45808
7.23931
12.125
9.41628
9.23874
8.98665
2.71306
1.13822
51.1008
46.3165
63.4483
50.9916
51.1597
49.4754
71.4956
48.7541
50.3306
51.3051
50.605
46.1364
57.8624
58.0756
49.2114
75.0472
50.0083
39.5696
50.2033
42.8851
72.6514
50.9344
53.2203
16.386
17.4095
16.4605
16.372
16.2396
16.2597
5.20489
7.87867
10.2928
9.32923
13.1768
9.23288
3.96292
1.73347
1.83088
52.2689
52.3277
53.3966
52.4174
51.7203
49.7603
71.63
49.5738
57.9369
67.2909
47.3178
50.0082
50.3223
49.209
60.9344
49.877
42.6531
50.6504
74.4444
51.4132
46.9098
50.3659
53.3445
16.4119
13.1876
16.1792
17.5365
20.124
16.3273
5.11755
8.85157
12.7489
9.30876
9.24775
9.41602
11.1773
1.53581
2.27468
52.0323
69.5981
51.3675
50.5126
49.9587
49.6716
64.4174
49.0246
39.3399
50.2185
22.3127
39.8963
51.4454
49.7377
35.1477
63.6549
38.7702
50.935
51.0164
53.3359
61.4836
52.0984
55.4622
16.3543
22.0161
14.4918
16.3672
16.171
15.3172
9.55162
11.3696
9.56173
5.41814
10.3462
9.38769
