-nan
0.207128
0.246292
0.248901
0.273713
0.559485
0.530761
0.523714
0.713891
0.912195
1.08112
1.42282
1.56301
1.70288
1.8326
1.96107
2.08518
2.20684
2.32758
2.47225
2.58804
2.69974
2.82483
2.9329
3.03662
3.14576
3.27451
3.37091
3.4673
3.56133
3.65383
3.74589
3.83545
3.92402
4.02545
4.10973
4.19449
4.27833
4.36114
4.44066
4.52111
4.60017
4.67555
4.83773
4.91453
4.98928
5.08605
5.16045
5.23537
5.30789
5.3854
5.48928
5.55857
5.62886
5.69919
5.77072
5.80121
5.82795
5.85589
5.91247
5.93673
5.96038
5.98381
6.00928
6.02848
6.04901
6.07139
6.09331
6.07812
6.09712
6.1181
6.1327
6.19457
6.24889
6.32579
6.36753
6.13118
5.67561
5.3353
5.4163
5.36948
5.51013
5.59343
5.67664
5.75904
5.84332
5.92641
6.03076
6.1126
6.20338
6.3092
6.39129
6.47446
6.55717
6.64296
6.72463
6.80642
6.88916
6.97058
7.08096
7.16291
7.2427
7.32367
7.38499
7.43428
7.50336
7.55273
7.60452
7.67318
7.72446
7.74157
7.73946
7.78157
7.79633
7.80713
7.82005
7.6191
7.24124
7.33859
7.42235
7.48644
7.54867
7.611
7.67421
7.75936
7.82196
7.88422
7.94574
8.00817
8.07098
8.13746
8.21028
8.27175
8.3581
8.41984
8.48077
8.54404
8.60687
8.69099
8.7534
8.81677
8.85273
8.90522
8.93994
8.97303
9.00559
9.03919
8.98623
8.97778
8.98811
8.99169
9.01982
9.02265
8.92414
8.66275
8.3662
8.4476
8.49656
8.54538
8.59426
8.64397
8.69341
8.7507
8.79871
8.85364
8.91823
8.96796
9.0172
9.0664
9.12032
9.1819
9.23197
9.2789
9.32928
9.39937
9.44849
9.49903
9.54898
9.59947
9.62603
9.65077
9.67559
9.70459
9.74134
9.76473
9.71141
9.70638
9.72754
9.72449
9.72234
9.72012
9.72905
9.47331
9.2573
9.33729
9.37796
9.41966
9.46138
9.48901
9.54035
9.58093
9.62295
9.66465
9.70551
9.74532
9.78487
9.83527
9.87718
9.91978
9.97365
10.0126
10.0546
10.0966
10.155
10.1976
10.2389
10.2818
10.3043
10.334
10.3521
10.3704
10.3892
10.4082
10.4034
10.4108
10.405
10.3822
10.3864
10.3807
10.1826
9.82934
9.88935
9.92542
9.96108
9.99639
10.0327
10.0686
10.0898
10.1268
10.1668
10.2143
10.2488
10.2862
10.322
10.3442
10.3811
10.4189
10.4528
10.4857
10.535
10.5704
10.606
10.6418
10.6771
10.6932
10.6961
10.7161
10.729
10.7545
10.7699
10.7233
10.7107
10.7216
10.7136
10.7066
10.7004
10.4103
10.1571
9.90397
9.93682
9.85077
9.90104
9.93108
9.96096
9.99023
10.0197
10.0491
10.0871
10.1179
10.1497
10.1887
10.2187
10.2485
10.2785
10.3101
10.3397
10.3695
10.396
10.4252
10.4679
10.498
10.5286
10.5587
10.5769
10.5905
10.6106
10.6239
10.6201
10.6379
10.6515
10.648
10.6385
10.6441
10.6392
10.6327
10.6279
10.5031
10.2546
10.2966
10.3329
10.3597
10.3866
10.4138
10.4439
10.4769
10.5023
10.5297
10.5559
10.5824
10.6089
10.6365
10.6699
10.6964
10.735
10.7615
10.787
10.8143
10.8399
10.8783
10.9056
10.932
10.9438
10.9513
10.9629
10.9739
10.9849
10.996
10.9583
10.9454
10.9456
10.9397
10.9453
10.9393
10.8748
10.6842
10.5246
10.5643
10.5875
10.6111
10.6341
10.6581
10.6817
10.7126
10.7363
10.7628
10.7942
10.8174
10.8417
10.8656
10.8915
10.9215
10.9455
10.9683
10.9927
11.0272
11.051
11.0756
11.1001
11.1252
11.1354
11.1468
11.156
11.1671
11.184
11.1937
11.1588
11.1512
11.1577
11.1467
11.141
11.1356
11.1363
10.968
10.8403
10.8674
10.8895
10.9115
10.933
10.9542
10.9851
11.0072
11.0289
11.0504
11.0718
11.0939
11.1142
11.141
11.1631
11.186
11.214
11.235
11.2575
11.2796
11.3107
11.3331
11.3555
11.3791
11.3886
11.4038
11.4092
11.417
11.4257
11.4347
11.4281
11.4265
11.4204
11.3844
11.381
11.3752
11.2559
11.0459
11.0793
11.0986
11.1182
11.1377
11.1574
11.1772
11.1861
11.2088
11.2313
11.2583
11.2783
11.2988
11.319
11.334
11.358
11.3779
11.3967
11.4169
11.4461
11.4666
11.4868
11.5074
11.5269
11.5351
11.5344
11.544
11.5402
11.5555
11.5631
11.5321
11.525
11.5289
11.5223
11.5169
11.5111
11.3156
11.1425
10.9717
10.9869
10.9333
10.9557
10.974
10.9923
11.0107
11.0292
11.0473
11.071
11.089
11.1086
11.1323
11.1503
11.1687
11.1871
11.2135
11.2319
11.2501
11.267
11.2852
11.3111
11.3299
11.3485
11.3674
11.3781
11.3853
11.3975
11.4051
11.3941
11.4044
11.4125
11.408
11.3961
11.399
11.3946
11.3892
11.3833
11.2934
11.1173
11.1348
11.153
11.1757
11.1929
11.2104
11.2274
11.2519
11.2693
11.2869
11.304
11.3211
11.3379
11.3564
11.3768
11.3924
11.4165
11.4336
11.4503
11.4682
11.4871
11.5095
11.5273
11.5453
11.5515
11.5648
11.5714
11.5763
11.5822
11.5887
11.5605
11.5516
11.5503
11.5443
11.5475
11.5416
11.4941
11.353
11.2367
11.2533
11.2693
11.2853
11.3012
11.3158
11.3316
11.3523
11.368
11.3856
11.4068
11.4223
11.4381
11.4543
11.4718
11.492
11.5079
11.5229
11.539
11.5621
11.5784
11.5944
11.6105
11.6271
11.6333
11.6407
11.6448
11.6524
11.6635
11.6696
11.6436
11.6372
11.6405
11.635
11.6302
11.625
11.6252
11.504
11.4138
11.4309
11.4504
11.4656
11.4805
11.4945
11.5109
11.53
11.545
11.5598
11.5746
11.5856
11.602
11.6173
11.6323
11.6471
11.6618
11.6757
11.6902
11.7097
11.725
11.7311
11.75
11.7666
11.7718
11.7767
11.7876
11.7928
11.7985
11.8037
11.8064
11.8015
11.7966
11.792
11.7864
11.7814
11.692
11.5318
11.5461
11.5665
11.5812
11.596
11.6108
11.6266
11.6452
11.6596
11.6735
11.6874
11.7054
11.7182
11.7322
11.7463
11.7599
11.7798
11.7932
11.8075
11.8221
11.833
11.8475
11.8621
11.8761
11.8758
11.8863
11.8914
11.8966
11.9016
11.9067
11.8802
11.8738
11.873
11.8589
11.8605
11.8558
11.7132
11.5583
11.4277
11.4414
11.4247
11.4379
11.4511
11.4642
11.4774
11.4909
11.5039
11.5209
11.5346
11.5485
11.5658
11.5791
11.5925
11.606
11.6249
11.6379
11.6512
11.6628
11.6772
11.6949
11.7083
11.7223
11.7357
11.743
11.7473
11.7555
11.7605
11.7642
11.7731
11.7782
11.7742
11.7652
11.7632
11.7583
11.7539
11.7488
11.6802
11.5458
11.5585
11.5721
11.589
11.6023
11.6154
11.6277
11.6457
11.6584
11.6714
11.6839
11.6964
11.7087
11.7221
11.7367
11.7494
11.7672
11.7797
11.7916
11.8046
11.8165
11.8337
11.8467
11.8595
11.8636
11.8681
11.8718
11.8764
11.8804
11.8851
11.8634
11.8562
11.8549
11.8507
11.852
11.8475
11.811
11.7228
11.63
11.6425
11.6547
11.666
11.6776
11.6898
11.7016
11.7172
11.7289
11.7418
11.7576
11.7691
11.7812
11.7923
11.8053
11.8208
11.8325
11.844
11.8561
11.8733
11.8855
11.8976
11.9091
11.9216
11.926
11.9249
11.9292
11.9347
11.9426
11.9451
11.9239
11.9192
11.921
11.9168
11.9128
11.9087
11.9078
11.8148
11.7515
11.764
11.779
11.7903
11.8015
11.8122
11.8251
11.8395
11.8512
11.8628
11.8745
11.886
11.8972
11.9116
11.9231
11.932
11.9456
11.9555
11.9687
11.9824
11.9977
12.0097
12.0215
12.0333
12.0424
12.0465
12.0504
12.0544
12.0585
12.0663
12.0606
12.0553
12.0536
12.0494
12.0503
12.0451
11.9615
11.8498
11.8611
11.8724
11.8833
11.8941
11.9052
11.9158
11.9205
11.9328
11.9448
11.9592
11.9699
11.9807
11.9915
11.9991
12.0118
12.0226
12.0328
12.0437
12.0599
12.0713
12.0823
12.0935
12.1041
12.1081
12.1036
12.109
12.1135
12.1214
12.1252
12.1049
12.0996
12.1009
12.0972
12.0929
12.0889
11.9747
11.8717
11.7636
11.7747
11.7466
11.7574
11.7679
11.7786
11.7888
11.7991
11.8094
11.8226
11.8331
11.8443
11.8578
11.8681
11.8792
11.889
11.9036
11.9134
11.924
11.9333
11.945
11.9592
11.97
11.981
11.9918
11.9976
12.0009
12.0071
12.0111
12.0099
12.0148
12.0187
12.0149
12.0095
12.0095
12.006
12.0018
11.9976
11.9393
11.8559
11.8656
11.8804
11.8904
11.9004
11.9103
11.9198
11.9341
11.9442
11.9543
11.9641
11.974
11.9838
11.9944
12.0067
12.0165
12.0306
12.0402
12.0498
12.0599
12.0707
12.0838
12.0941
12.1043
12.108
12.1158
12.1191
12.1229
12.1259
12.1294
12.112
12.1039
12.1028
12.0979
12.0992
12.0952
12.063
11.9781
11.9031
11.9129
11.9228
11.9326
11.9422
11.9518
11.9613
11.9737
11.9835
11.9935
12.0061
12.0154
12.025
12.0345
12.0414
12.0521
12.0616
12.0706
12.0799
12.0934
12.1035
12.1131
12.1229
12.1329
12.1364
12.1411
12.1444
12.1487
12.1549
12.1581
12.141
12.1365
12.1375
12.1334
12.1279
12.1238
12.123
12.0464
11.9921
12.0022
12.014
12.0226
12.0318
12.0404
12.0512
12.0631
12.0726
12.0821
12.0915
12.1029
12.112
12.1214
12.1306
12.1395
12.1522
12.1606
12.1703
12.1798
12.1886
12.1991
12.2086
12.2185
12.2205
12.2264
12.229
12.2325
12.2357
12.2392
12.2358
12.2347
12.2293
12.2117
12.2091
12.2053
12.1473
12.0281
12.0366
12.0457
12.0548
12.0638
12.0728
12.0807
12.0846
12.094
12.1037
12.1157
12.1243
12.1332
12.1421
12.147
12.1565
12.1655
12.174
12.1831
12.1957
12.2048
12.214
12.2231
12.2317
12.2347
12.2271
12.2296
12.2331
12.2391
12.2418
12.226
12.2213
12.2224
12.2188
12.2154
12.2112
12.1138
12.0291
11.9406
11.9495
11.9211
11.9304
11.938
11.946
11.9545
11.9631
11.9715
11.982
11.9906
11.9992
12.0104
12.0188
12.0273
12.0359
12.0482
12.0564
12.0649
12.0722
12.0817
12.0932
12.1022
12.1108
12.1195
12.126
12.1289
12.132
12.1348
12.1378
12.1432
12.1462
12.1425
12.1355
12.1361
12.1325
12.1292
12.1255
12.0798
11.9879
11.9957
12.0049
12.0155
12.0238
12.0324
12.0405
12.0522
12.0602
12.0684
12.0765
12.0847
12.0927
12.1011
12.1108
12.119
12.1307
12.1388
12.1459
12.1542
12.1621
12.1738
12.1822
12.1906
12.1931
12.1985
12.2014
12.204
12.2067
12.2096
12.1947
12.1891
12.1879
12.1847
12.1858
12.1826
12.1576
12.0958
12.0339
12.0421
12.0504
12.0583
12.0662
12.0742
12.0821
12.0924
12.1003
12.109
12.1196
12.1265
12.1344
12.1423
12.148
12.1562
12.1641
12.1718
12.1794
12.1909
12.1989
12.207
12.2151
12.2234
12.2262
12.2289
12.2309
12.2345
12.2393
12.2417
12.2274
12.224
12.225
12.2215
12.2185
12.2147
12.2138
12.1483
12.1026
12.1112
12.1217
12.1297
12.1377
12.1456
12.1512
12.1592
12.167
12.1748
12.1824
12.1899
12.1976
12.2075
12.2151
12.221
12.23
12.2373
12.2451
12.2528
12.264
12.2718
12.2798
12.2878
12.282
12.2858
12.2883
12.2908
12.2935
12.2952
12.2919
12.2915
12.2885
12.2736
12.2714
12.2684
12.2173
12.1408
12.1483
12.1557
12.1631
12.1706
12.1781
12.1855
12.1888
12.1961
12.2044
12.214
12.2214
12.229
12.2365
12.2421
12.2506
12.2581
12.265
12.2726
12.2833
12.2909
12.2984
12.306
12.3134
12.3159
12.3087
12.3118
12.3102
12.3151
12.3176
12.3032
12.2996
12.3
12.297
12.2939
12.2908
12.21
12.1363
12.0616
12.0687
12.0434
12.0515
12.0589
12.0663
12.0734
12.0821
12.0893
12.0969
12.1041
12.1114
12.1196
12.1268
12.1341
12.1413
12.1515
12.1587
12.1659
12.1722
12.1776
12.1852
12.1931
12.2003
12.2079
12.2116
12.2136
12.218
12.2204
12.2139
12.2175
12.2201
12.2187
12.2132
12.2125
12.2084
12.2052
12.202
12.1628
12.0846
12.0916
12.0987
12.1071
12.1142
12.1212
12.1281
12.1381
12.1451
12.1523
12.1594
12.1663
12.1732
12.1806
12.189
12.196
12.2063
12.2132
12.22
12.2272
12.2348
12.2438
12.2505
12.2578
12.2604
12.2659
12.2682
12.2705
12.273
12.2753
12.2627
12.2575
12.2557
12.2524
12.2533
12.2504
12.2284
12.167
12.1091
12.1163
12.1234
12.1304
12.1373
12.1441
12.1502
12.159
12.1661
12.1734
12.1826
12.1893
12.1963
12.2031
12.2076
12.2151
12.2222
12.2287
12.2361
12.2456
12.2529
12.26
12.2671
12.2743
12.2766
12.2794
12.2817
12.2846
12.2892
12.2915
12.2785
12.2753
12.2759
12.2732
12.2706
12.2673
12.2662
12.2107
12.1724
12.1798
12.1889
12.1955
12.2021
12.2087
12.2161
12.2245
12.2313
12.2379
12.2447
12.2512
12.2577
12.2663
12.2728
12.2776
12.2855
12.2916
12.2985
12.3054
12.3152
12.3219
12.3288
12.3359
12.3409
12.343
12.3452
12.3474
12.3496
12.3519
12.3493
12.3479
12.3451
12.3331
12.3313
12.3287
12.2849
12.2131
12.219
12.2255
12.2319
12.2383
12.2448
12.2511
12.2544
12.2608
12.2679
12.2764
12.2826
12.289
12.2954
12.299
12.3064
12.3129
12.3188
12.3253
12.3346
12.341
12.3477
12.3544
12.3607
12.364
12.3657
12.3674
12.3695
12.3739
12.376
12.3643
12.3614
12.3615
12.3587
12.3562
12.3536
12.2811
12.216
12.1481
12.1547
12.1371
12.1436
12.15
12.1565
12.163
12.1692
12.1754
12.1835
12.1898
12.1962
12.2043
12.2106
12.217
12.2232
12.2322
12.2383
12.2447
12.2501
12.2569
12.2653
12.2717
12.2781
12.2845
12.2876
12.2897
12.2931
12.2953
12.2956
12.2993
12.3015
12.299
12.2941
12.2936
12.2907
12.2882
12.2851
12.2489
12.179
12.1852
12.1912
12.1992
12.2054
12.2115
12.2176
12.2264
12.232
12.2376
12.2432
12.2493
12.2551
12.2616
12.2691
12.275
12.2838
12.2899
12.2956
12.3018
12.3086
12.3168
12.3231
12.3293
12.3313
12.3361
12.338
12.3401
12.3417
12.3438
12.3322
12.3293
12.3268
12.3149
12.313
12.3104
12.2916
12.2189
12.1682
12.1743
12.1804
12.1864
12.1923
12.1983
12.2042
12.2107
12.2163
12.2229
12.2311
12.237
12.2431
12.2492
12.2535
12.2596
12.2655
12.2711
12.2772
12.2857
12.2919
12.298
12.304
12.3102
12.3122
12.3089
12.311
12.3135
12.3172
12.3192
12.3079
12.3033
12.3026
12.3001
12.2977
12.2952
12.2946
12.2453
12.21
12.2165
12.2242
12.2302
12.2361
12.2421
12.2459
12.2516
12.2573
12.2627
12.2684
12.2741
12.2797
12.2869
12.2926
12.2985
12.3058
12.3113
12.3172
12.3232
12.3316
12.3372
12.3432
12.3495
12.3516
12.3549
12.3564
12.3584
12.3602
12.3619
12.3596
12.3591
12.3567
12.3442
12.3415
12.3391
12.2999
12.2271
12.233
12.238
12.2436
12.2508
12.2565
12.2621
12.2677
12.2732
12.2813
12.2868
12.2924
12.298
12.3041
12.3112
12.3168
12.3225
12.3276
12.3357
12.3415
12.3473
12.353
12.3589
12.3644
12.3663
12.3622
12.3645
12.3655
12.3693
12.371
12.3604
12.3577
12.3582
12.3559
12.3535
12.3512
12.2892
12.2325
12.1754
12.1792
12.1597
12.1659
12.1713
12.1768
12.1823
12.1878
12.1932
12.2003
12.2058
12.2113
12.2186
12.2236
12.2291
12.2345
12.2425
12.2481
12.2536
12.2583
12.2645
12.2718
12.2775
12.2831
12.2885
12.2915
12.2931
12.2961
12.2979
12.2981
12.3013
12.3032
12.3012
12.2965
12.2968
12.2945
12.2922
12.2897
12.2583
12.197
12.2026
12.2088
12.2158
12.2215
12.227
12.2322
12.24
12.2454
12.251
12.2563
12.2616
12.2669
12.2727
12.2793
12.2847
12.2921
12.2975
12.3026
12.3081
12.3141
12.3213
12.3269
12.3323
12.334
12.3378
12.3397
12.3414
12.343
12.3448
12.335
12.3311
12.3303
12.3266
12.3265
12.3241
12.3069
12.2548
12.211
12.2166
12.222
12.2274
12.2328
12.2383
12.2437
12.2505
12.2558
12.2618
12.2689
12.2742
12.2796
12.2848
12.2882
12.2936
12.299
12.3039
12.309
12.3165
12.3223
12.3278
12.3332
12.3387
12.3403
12.3414
12.3419
12.3441
12.3474
12.3492
12.3395
12.3371
12.3377
12.3355
12.3334
12.3312
12.3304
12.2866
12.2563
12.2595
12.2663
12.2714
12.2767
12.2818
12.2873
12.294
12.2991
12.3041
12.3092
12.3143
12.3192
12.3256
12.3307
12.3325
12.3387
12.3435
12.3487
12.3539
12.3613
12.3665
12.3718
12.3773
12.3794
12.3824
12.3841
12.3858
12.3868
12.3899
12.3875
12.3864
12.3843
12.3737
12.3722
12.37
12.3355
12.2687
12.2739
12.2789
12.2839
12.2889
12.2939
12.2988
12.3009
12.3064
12.312
12.3186
12.3235
12.3285
12.3335
12.336
12.3418
12.3469
12.3515
12.3566
12.3638
12.3689
12.374
12.3792
12.3842
12.3858
12.3848
12.387
12.3879
12.3914
12.393
12.3836
12.3812
12.3816
12.3795
12.3768
12.3744
12.3175
12.2661
12.2122
12.2174
12.2014
12.2066
12.2118
12.2167
12.2217
12.2266
12.2314
12.2379
12.2426
12.2476
12.2539
12.2587
12.2633
12.2681
12.2751
12.2801
12.2849
12.2891
12.2939
12.3008
12.3059
12.3109
12.316
12.3185
12.3202
12.3231
12.3242
12.326
12.329
12.3307
12.3286
12.324
12.3239
12.3218
12.3197
12.3173
12.2901
12.2365
12.2414
12.2463
12.2525
12.2574
12.2622
12.267
12.274
12.2786
12.2835
12.2883
12.2931
12.2977
12.3029
12.3086
12.3134
12.3203
12.3251
12.3296
12.3345
12.3392
12.3461
12.351
12.356
12.3577
12.3601
12.3617
12.3633
12.3649
12.3664
12.3576
12.3541
12.3526
12.3506
12.3511
12.349
12.3342
12.298
12.2592
12.2641
12.269
12.2739
12.2786
12.2834
12.2881
12.2942
12.2988
12.304
12.3102
12.3149
12.3196
12.3243
12.3294
12.3355
12.3402
12.3448
12.3496
12.3565
12.3613
12.366
12.3708
12.3758
12.3774
12.3779
12.3794
12.3814
12.3844
12.386
12.377
12.3746
12.3748
12.3728
12.3707
12.3687
12.3679
12.3284
12.301
12.306
12.3122
12.3168
12.3214
12.326
12.331
12.3371
12.3416
12.3458
12.3503
12.3537
12.3583
12.363
12.3676
12.3716
12.3775
12.3818
12.3865
12.3913
12.3966
12.4026
12.4075
12.4126
12.4142
12.4178
12.4187
12.4202
12.4217
12.4229
12.421
12.4203
12.4185
12.4093
12.408
12.406
