1025440
2057352
2057352
3089256
4121160
5153064
8248776
9280680
16504008
16503976
16503976
16503976
32966248
32929384
32929384
33997992
33997992
35029896
36061800
37093704
40189416
41221080
48442728
48442728
49474392
64949352
65950344
67013160
82491720
82557272
98998344
99063896
115504968
115504968
115570520
132011592
133043496
134075400
149553960
150585864
166064424
167096328
182574888
183492824
198115400
198180984
210560792
214687448
227132984
231194072
243639608
243639608
233262496
243445904
249637328
259956368
266147792
276466832
282608680
284278592
284278592
101533520
101533520
101533520
101533520
101533520
101533520
101533520
101533520
101533520
101533520
101533520
101533520
101533520
101533520
101533520
101533520
101533520
101533520
101533520
101533520
101533520
101533520
101533520
101533520
101533520
101533520
101533520
101533520
101533520
101533520
101533520
101533520
101533520
101533520
101533520
101533520
101533520
101533520
101533520
101533520
101533520
101533520
101533520
101533520
101533520
101533520
101533520
101533520
101533520
101533520
101533520
101533520
101533520
101533520
101533520
101533520
101533520
101533520
101533520
101533520
101533520
101533520
101533520
101533520
101533520
101533520
101533520
101533520
101533520
101533520
101533520
101533520
101533520
101533520
101533520
101533520
101533520
101533520
101533520
101533520
101533520
101533520
101533520
101533520
101533520
101533520
101533520
101533520
101533520
101533520
101533520
101533520
101533520
101533520
101533520
101533520
101533520
101533520
101533520
101533520
101533520
101533520
101533520
101533520
101533520
101533520
101533520
101533520
101533520
101533520
101533520
101533520
101533520
101533520
101533520
101533520
101533520
101533520
101533520
101533520
101533520
101533520
101533520
101533520
101533520
101533520
101533520
101533520
101533520
101533520
101533520
101533520
101533520
101533520
101533520
101533520
101533520
101533520
101533520
101533520
101533520
101533520
101533520
101533520
101533520
101533520
101533520
101533520
101533520
101533520
101533520
101533520
101533520
101533520
101533520
101533520
101533520
101533520
101533520
101533520
101533520
101533520
101533520
101533520
101533520
101533520
101533520
101533520
101533520
101533520
101533520
101533520
101533520
101533520
101533520
101533520
101533520
101533520
101533520
101533520
101533520
101533520
101533520
101533520
101533520
101533520
101533520
101534544
101534544
101534544
101534544
101534544
101534544
101540888
101540888
101540888
101540888
101540888
101540888
101540888
101540888
101540888
101540888
101540888
101540888
101540888
101540888
101540888
101540888
101540888
101540888
101540888
101540888
101540888
101540888
101540888
101540888
101540888
101540888
101540888
101540888
101540888
101540888
101540888
101540888
101540888
101540888
101540888
101540888
101540888
101540888
101540888
101540888
101540888
101540888
101540888
101540888
101540888
101540888
101540888
101540888
101540888
101540888
101540888
101540888
101540888
101540888
101540888
101540888
101540888
101540888
101540888
101540888
101540888
101540888
101540888
101540888
101540888
101540888
101540888
101540888
101540888
101540888
101540888
101540888
101540888
101540888
101540888
101540888
101540888
101540888
101540888
101540888
101540888
101540888
101540888
101540888
101540888
101540888
101540888
101540888
101540888
101540888
101540888
101540888
101540888
101540888
101540888
101540888
101540888
101540888
101540888
101540888
101540888
101540888
101540888
101540888
101540888
101540888
101540888
101540888
101540888
101540888
101540888
101540888
101540888
101540888
101540888
101540888
101540888
101540888
101540888
101540888
101540888
101540888
101540888
101540888
101540888
101540888
101540888
101540888
101540888
101540888
101540888
101540888
101540888
101540888
101540888
101540888
101540888
101540888
101540888
101540888
101540888
101540888
101540888
101540888
101540888
101540888
101540888
101540888
101540888
101540888
101540888
101540888
101540888
101540888
101540888
101540888
101540888
101540888
101540888
101540888
101540888
101540888
101540888
101540888
101540888
101540888
101540888
101540888
101540888
101540888
101540888
101540888
101540888
101540888
101540888
101540888
101540888
101540888
101540888
101540888
101540888
101540888
101540888
101540888
101540888
101540888
101540888
101540888
101540888
101540888
101540888
101540888
101540888
101540888
101540888
101540888
101540888
101540888
101540888
101540888
101540888
101540888
101540888
101540888
101540888
101540888
101540888
101540888
101540888
101540888
101540888
101540888
101540888
101540888
101540888
101540888
101540888
101540888
101540888
101540888
101540888
101540888
101540888
101540888
101540888
101540888
101540888
101540888
101540888
101540888
101540888
101540888
101540888
101540888
101540888
101540888
101540888
101540888
101540888
101540888
101540888
101540888
101540888
101540888
101540888
101540888
101540888
101540888
101540888
101540888
101540888
101540888
101540888
101540888
101540888
101540888
101540888
101540888
101540888
101540888
101540888
101540888
101540888
101540888
101540888
101540888
101540888
101540888
101540888
101540888
101540888
101540888
101540888
101540888
101540888
101540888
101540888
101540888
101540888
101540888
101540888
101540888
101540888
101540888
101540888
101540888
101540888
101540888
101540888
101540888
101540888
101540888
101540888
101540888
101540888
101540888
101540888
101540888
101540888
101540888
101540888
101540888
101540888
101540888
101540888
101540888
101540888
101540888
101540888
101540888
101540888
101540888
101540888
101540888
101540888
101540888
101540888
101540888
101540888
101540888
101540888
101540888
101540888
101540888
101540888
101540888
101540888
101540888
101540888
101540888
101540888
101540888
101540888
101540888
101540888
101540888
101540888
101540888
101540888
101540888
101540888
101540888
101540888
101540888
101540888
101540888
101540888
101540888
101540888
101540888
101540888
101540888
101540888
101540888
101540888
101540888
101540888
101540888
101540888
101540888
101540888
101540888
101540888
101540888
101540888
101540888
101540888
101540888
101540888
101540888
101540888
101540888
101540888
101540888
101540888
101540888
101540888
101540888
101540888
101540888
101540888
101540888
101540888
101540888
101540888
101540888
101540888
101540888
101540888
101540888
101540888
101540888
101540888
101540888
101540888
101540888
101540888
101540888
101540888
101540888
101540888
101540888
101540888
101540888
101540888
101540888
101540888
101540888
101540888
101540888
101540888
101540888
101540888
101540888
101540888
101540888
101540888
101540888
101540888
101540888
101540888
101540888
101540888
101540888
101540888
101540888
101540888
101540888
101540888
101540888
101540888
101540888
101540888
101540888
101540888
101540888
101540888
101540888
101540888
101540888
101540888
101540888
101540888
101540888
101540888
101540888
101540888
101540888
101540888
101540888
101540888
101540888
101540888
101540888
101540888
101540888
101540888
101540888
101540888
101540888
101540888
101540888
101540888
101540888
101540888
101540888
101540888
101540888
101540888
101540888
101540888
101540888
101540888
101540888
101540888
101540888
101540888
101540888
101540888
101540888
101540888
101540888
101540888
101540888
101540888
101540888
101540888
101540888
101540888
101540888
101540888
101540888
101540888
101540888
101540888
101540888
101540888
101540888
101540888
101540888
101540888
101540888
101540888
101540888
101540888
101540888
101540888
101540888
101540888
101540888
101540888
101540888
101540888
101540888
101540888
101540888
101540888
101540888
101540888
101540888
101540888
101540888
101540888
101540888
101540888
101540888
101540888
101540888
101540888
101540888
101540888
101540888
101540888
101540888
101540888
101540888
101540888
101540888
101540888
101540888
101540888
101540888
101540888
101540888
101540888
101540888
101540888
101540888
101540888
101540888
101540888
101540888
101540888
101540888
101540888
101540888
101540888
101540888
101540888
101540888
101540888
101540888
101540888
101540888
101540888
101540888
101540888
101540888
101540888
101540888
101540888
101540888
101540888
101540888
101540888
101540888
101540888
101540888
101540888
101540888
101540888
101540888
101540888
101540888
101540888
101540888
101540888
101540888
101540888
101540888
101540888
101540888
101540888
101540888
101540888
101540888
101540888
101540888
101540888
101540888
101540888
101540888
101540888
101540888
101540888
101540888
101540888
101540888
101540888
101540888
101540888
101540888
101540888
101540888
101540888
101540888
101540888
101540888
101540888
101540888
101540888
101540888
101540888
101540888
101540888
101540888
101540888
101540888
101540888
101540888
101540888
101540888
101540888
101540888
101540888
101540888
101540888
101540888
101540888
101540888
101540888
101540888
101540888
101540888
101540888
101540888
101540888
101540888
101540888
101540888
101540888
101540888
101540888
101540888
101540888
101540888
101540888
101540888
101540888
101540888
101540888
101540888
101540888
101540888
101540888
101540888
101540888
101540888
101540888
101540888
101540888
101540888
101540888
101540888
101540888
101540888
101540888
101540888
101540888
101540888
101540888
101540888
101540888
101540888
101540888
101540888
101540888
101540888
101540888
101540888
101540888
101540888
101540888
101540888
101540888
101540888
101540888
101540888
101540888
101540888
101540888
101540888
101540888
101540888
101540888
101540888
101540888
101540888
101540888
101540888
101540888
101540888
101540888
101540888
101540888
101540888
101540888
101540888
101540888
101540888
101540888
101540888
101540888
101540888
101540888
101540888
101540888
101540888
101540888
101540888
101540888
101540888
101540888
101540888
101540888
101540888
101540888
101540888
101540888
101540888
101540888
101540888
101540888
101540888
101540888
101540888
101540888
101540888
101540888
101540888
101540888
101540888
101540888
101540888
101540888
101540888
101540888
101540888
101540888
101540888
101540888
101540888
101540888
101540888
101540888
101540888
101540888
101540888
101540888
101540888
101540888
101540888
101540888
101540888
101540888
101540888
101540888
101540888
101540888
101540888
101540888
101540888
101540888
101540888
101540888
101540888
101540888
101540888
101540888
101540888
101540888
101540888
101540888
101540888
101540888
101540888
101540888
101540888
101540888
101540888
101540888
101540888
101540888
101540888
101540888
101540888
101540888
101540888
101540888
101540888
101540888
101540888
101540888
101540888
101540888
101540888
101540888
101540888
101540888
101540888
101540888
101540888
101540888
101540888
101540888
101540888
101540888
101540888
101540888
101540888
101540888
101540888
101540888
101540888
101540888
101540888
101540888
101540888
101540888
101540888
101540888
101540888
101540888
101540888
101540888
101540888
101540888
101540888
101540888
101540888
101540888
101540888
101540888
101540888
101540888
101540888
101540888
101540888
101540888
101540888
101540888
101540888
101540888
101540888
101540888
101540888
101540888
101540888
101540888
101540888
101540888
101540888
101540888
101540888
101540888
101540888
101540888
101540888
101540888
101540888
101540888
101540888
101540888
101540888
101540888
101540888
101540888
101540888
101540888
101540888
101540888
101540888
101540888
101540888
101540888
101540888
101540888
101540888
101540888
101540888
101540888
101540888
101540888
101540888
101540888
101540888
101540888
101540888
101540888
101540888
101540888
101540888
101540888
101540888
101540888
101540888
101540888
101540888
101540888
101540888
101540888
101540888
101540888
101540888
101540888
101540888
101540888
101540888
101540888
101540888
101540888
101540888
101540888
101540888
101540888
101540888
101540888
101540888
101540888
101540888
101540888
101540888
101540888
101540888
101540888
101540888
101540888
101540888
101540888
101540888
101540888
101540888
101540888
101540888
101540888
101540888
101540888
101540888
101540888
101540888
101540888
101540888
101540888
101540888
101540888
101540888
101540888
101540888
101540888
101540888
101540888
101540888
101540888
101540888
101540888
101540888
101540888
101540888
101540888
101540888
101540888
101540888
101540888
101540888
101540888
101540888
101540888
101540888
101540888
101540888
101540888
101540888
101540888
101540888
101540888
101540888
101540888
101540888
101540888
101540888
101540888
101540888
101540888
101540888
101540888
101540888
101540888
101540888
101540888
101540888
101540888
101540888
101540888
101540888
101540888
101540888
101540888
101540888
101540888
101540888
101540888
101540888
101540888
101540888
101540888
101540888
101540888
101540888
101540888
101540888
101540888
101540888
101540888
101540888
101540888
101540888
101540888
101540888
101540888
101540888
101540888
101540888
101540888
101540888
101540888
101540888
101540888
101540888
101540888
101540888
101540888
101540888
101540888
101540888
101540888
101540888
101540888
101540888
101540888
101540888
101540888
101540888
101540888
101540888
101540888
101540888
101540888
101540888
101540888
101540888
101540888
101540888
101540888
101540888
101540888
101540888
101540888
101540888
101540888
101540888
101540888
101540888
101540888
101540888
101540888
101540888
101540888
101540888
101540888
101540888
101540888
101540888
101540888
101540888
101540888
101540888
101540888
101540888
101540888
101540888
101540888
101540888
101540888
101540888
101540888
101540888
101540888
101540888
101540888
101540888
101540888
101540888
101540888
101540888
101540888
101540888
101540888
101540888
101540888
101540888
101540888
101540888
101540888
101540888
101540888
101540888
101540888
101540888
101540888
101540888
101540888
101540888
101540888
101540888
101540888
101540888
101540888
101540888
101540888
101540888
101540888
101540888
101540888
101540888
101540888
101540888
101540888
101540888
101540888
101540888
101540888
101540888
101540888
101540888
101540888
101540888
101540888
101540888
101540888
101540888
101540888
101540888
101540888
101540888
101540888
101540888
101540888
101540888
101540888
101540888
101540888
101540888
101540888
101540888
101540888
101540888
101540888
101540888
101540888
101540888
101540888
101540888
101540888
101540888
101540888
101540888
101540888
101540888
101540888
101540888
101540888
101540888
101540888
101540888
101540888
101540888
101540888
101540888
101540888
101540888
101540888
101540888
101540888
101540888
101540888
101540888
101540888
101540888
101540888
101540888
101540888
101540888
101540888
101540888
101540888
101540888
101540888
101540888
101540888
101540888
101540888
101540888
101540888
101540888
101540888
101540888
101540888
101540888
101540888
101540888
101540888
101540888
101540888
101540888
101540888
101540888
101540888
101540888
101540888
106217312
118600160
118600160
126855392
135110624
135110624
143365856
151621088
151621088
159876320
168131552
168131552
176386784
184642016
184642016
192897248
201152480
201152480
209407712
217662944
217662944
225015712
233662432
233662432
241522336
241522336
130980408
130980408
139235656
147490888
147490888
155746120
164001352
164001352
172256584
180511816
180511816
188767048
197022280
197022280
205277512
213532744
213532744
221787976
230043208
230043208
237592680
246239400
246239400
254099304
254099304
130980424
130980424
139235656
147490888
147490888
155746120
164001352
164001352
172256584
180511816
180511816
188767048
197022280
197022280
205277512
213532744
213532744
221787976
230043208
230043208
237592680
246239400
246239400
254099304
254099304
130980408
130980408
139235656
147490888
147490888
155746120
164001352
164001352
172256584
180511816
180511816
188767048
197022280
197022280
205277512
213532744
213532744
221787976
230043208
230043208
237592680
246239400
246239400
254099304
254099304
130783816
130783816
139235656
147490888
147490888
155746120
164001352
164001352
172256584
180511816
180511816
188767048
197022280
197022280
205277512
213532744
213532744
221787976
230043208
230043208
237592680
246239400
246239400
254099304
254099304
130980408
130980408
139235656
147490888
147490888
155746120
164001352
164001352
172256584
180511816
180511816
188767048
197022280
197022280
205277512
213532744
213532744
221787976
230043208
230043208
237592680
246239400
246239400
254099304
254099304
130980408
130980408
139235656
147490888
147490888
155746120
164001352
164001352
172256584
180511816
180511816
188767048
197022280
197022280
205277512
213532744
213532744
221787976
230043208
230043208
237592680
246239400
246239400
254099304
254099304
130980424
130980424
139235656
147490888
147490888
155746120
164001352
164001352
172256584
180511816
180511816
188767048
197022280
197022280
205277512
213532744
213532744
221787976
230043208
230043208
237592680
246239400
246239400
254099304
254099304
130624200
130624200
139235656
147490888
147490888
155746120
164001352
164001352
172256584
180511816
180511816
188767048
197022280
197022280
205277512
213532744
213532744
221787976
230043208
230043208
237592680
246239400
246239400
254099304
254099304
130783816
130783816
139235656
147490888
147490888
155746120
164001352
164001352
172256584
180511816
180511816
188767048
197022280
197022280
205277512
213532744
213532744
221787976
230043208
230043208
237592680
246239400
246239400
254099304
254099304
130980424
130980424
139235656
147490888
147490888
155746120
164001352
164001352
172256584
180511816
180511816
188767048
197022280
197022280
205277512
213532744
213532744
221787976
230043208
230043208
237592680
246239400
246239400
254099304
254099304
130980392
130980392
139235656
147490888
147490888
155746120
164001352
164001352
172256584
180511816
180511816
188767048
197022280
197022280
205277512
213532744
213532744
221787976
230043208
230043208
237592680
246239400
246239400
254099304
254099304
130980424
130980424
139235656
147490888
147490888
155746120
164001352
164001352
172256584
180511816
180511816
188767048
197022280
197022280
205277512
213532744
213532744
221787976
230043208
230043208
237592680
246239400
246239400
254099304
254099304
130783816
130783816
139235656
147490888
147490888
155746120
164001352
164001352
172256584
180511816
180511816
188767048
197022280
197022280
205277512
213532744
213532744
221787976
230043208
230043208
237592680
246239400
246239400
254099304
254099304
130980392
130980392
139235656
147490888
147490888
155746120
164001352
164001352
172256584
180511816
180511816
188767048
197022280
197022280
205277512
213532744
213532744
221787976
230043208
230043208
237592680
246239400
246239400
254099304
254099304
130783816
130783816
139235656
147490888
147490888
155746120
164001352
164001352
172256584
180511816
180511816
188767048
197022280
197022280
205277512
213532744
213532744
221787976
230043208
230043208
237592680
246239400
246239400
254099304
254099304
130980424
138203752
147490888
154714216
164001352
171224680
180511816
187735144
197022280
204245608
204245608
210437032
220756072
226947496
237266536
242818248
253593864
259324872
270100488
275831496
286607112
286607112
292338120
292338120
193915592
197011336
210426088
213521800
226936552
230032264
243447016
246542728
259957480
263053192
276351096
276351096
278855976
292857720
295428168
309364344
311934792
311934792
325870968
240821576
248604376
256859608
265114840
273370072
273370072
274401976
289880536
290912440
306391000
307422904
322901464
323557128
339163224
340063752
355669848
356570376
372176472
372176472
152039048
167098600
169162408
183609064
185672872
200119528
202183336
216629992
218693800
233140456
235204264
249650920
249650920
263065672
266161384
279576136
282671848
296086600
299182312
312597064
315692776
329107528
332203240
345617992
345617992
356968936
362128456
373479400
378638920
389989864
395149384
406500328
411659848
422107608
427265928
438614232
438614232
448358184
455120856
464864808
464864808
471627480
221779624
227971048
238290088
244481512
254800552
260991976
271311016
271311016
279566248
287821480
296076712
304331944
312587176
320842408
329097640
337352872
345608104
353863336
362118568
362118568
369341896
378629032
385852360
395139496
402362824
411649960
418873288
428160424
435383752
444670888
451123128
451123128
456019192
467629752
472525816
484136376
489032440
500643000
500643000
505539064
256860040
257891944
273370504
274402408
289880968
289880968
305359528
306391432
321869992
322901896
338380456
339412360
354890920
355922824
371401384
372433288
387911848
387911848
401326600
404422312
417837064
420932776
434347528
437443240
450857992
453953704
467368456
469694040
483040104
483040104
494716248
499546728
511222872
516053352
527729496
527729496
234434920
243448600
250671928
259959064
267182392
276469528
276469528
284724760
292979992
301235224
309490456
317745688
326000920
334256152
342511384
350766616
359021848
367277080
367277080
373468504
383787544
389978968
400298008
406489432
416808472
422999896
433318936
439510360
449829400
456020824
456020824
461180344
472531288
477690808
489041752
494201272
505173576
509872920
521680200
526379544
538186824
542886168
542886168
542886168
154289496
154898600
171223768
171223768
187734232
187734232
204244696
204244696
220755160
220755160
237265624
237265624
239329432
253776088
255839896
270286552
272350360
286797016
288860824
303307480
305371288
319817944
321881752
336328408
336328408
351806968
352838872
368317432
369349336
384827896
385859800
401338360
402370264
417848824
418880728
434359288
434359288
446742136
450869752
463252600
466413144
479711064
482919768
496217688
499426392
512724312
512724312
515933016
529230936
188317448
190942936
205265992
207329800
221776456
223840264
238286920
240350728
254797384
256861192
271307848
273371656
273371656
273371656
289882120
289882120
306392584
306392584
322903048
322903048
339413512
339413512
355923976
355923976
372434440
372434440
386881096
388944904
403391560
405455368
419902024
421965832
436412488
438476296
452922952
454986760
469433416
469433416
482848168
485943880
499358632
502454344
515869096
518784792
532065288
535291416
548571912
551798040
565078536
565078536
151127768
162970456
168129976
179480920
184640440
195991384
201150904
212501848
217661368
229012312
234171832
245522776
245522776
254809912
262033240
271320376
278543704
287830840
295054168
304341304
311564632
320851768
328075096
337362232
337362232
344585560
353872696
361096024
370383160
377606488
386893624
394116952
403404088
410627416
419914552
427137880
427137880
433329304
443648344
449839768
460158808
466350232
476669272
482860696
493179736
499371160
509690200
515881624
515881624
520009240
532392088
536519704
548902552
553030168
565413016
569360376
581412504
585867000
597919128
602373624
602373624
602373624
605271912
172256680
174320488
188767144
190830952
205277608
207341416
221788072
223851880
238298536
240362344
254809000
