0
80592
80592
0
0
392
392
8504
11024
28888
34472
37912
37912
393848
3.83361e+06
3.82321e+06
3.82321e+06
108144
5.4331e+06
5.4331e+06
1.29847e+06
3.37065e+06
3.37065e+06
1.87482e+06
2.33814e+06
2.33814e+06
40216
2.33913e+06
2.33913e+06
2.14314e+06
2.21842e+06
2.21842e+06
40768
2.32444e+06
2.32444e+06
2.12839e+06
2.32298e+06
2.32298e+06
40768
2.32438e+06
2.32438e+06
2.12839e+06
2.32298e+06
2.32298e+06
40768
2.32438e+06
2.32438e+06
2.12839e+06
2.32298e+06
2.32298e+06
40768
2.32438e+06
2.32438e+06
2.12839e+06
2.32298e+06
2.32298e+06
40768
2.32438e+06
2.32438e+06
2.12839e+06
