-131405
0.101629
0.394647
0.232501
0.303389
0.222684
0.18013
0.253245
0.147892
0.275867
0.0152999
0.234491
0.0137375
0.230188
0.0131627
0.224463
0.0124906
0.227631
0.0130088
0.98585
0.110821
2.39299
0.111459
100
0.721252
0.107747
0.792043
0.0910895
0.116653
0.412576
1.18242
1.0443
10.941
1.60112
0.695133
100
0.675812
0.497761
100
0.0108481
0.474497
0.00185094
0.000709841
0.00931367
0.419643
0.0189773
0.416667
0.218128
0.333065
0.213945
0.199514
0.977823
0.370131
2.41779
56.0208
0.0174524
0.878506
0.101787
0.263523
4.24868
63.5373
51.5082
47.9242
53.4068
53.9237
52.5678
49.2734
50.384
51.5328
52.6525
54.6121
48.5385
47
49.2913
54.6638
50.0317
51.8595
52.5714
51.5285
53.3814
52.4667
50.1905
53.178
46.6471
41.3245
52.9083
52.6134
54.7391
49.5591
55.7217
49.7698
55.0609
50.104
52.958
53.641
53.2373
52.0413
52.3
55.4615
48.875
47.1119
52.3083
54.2069
42.2027
55.4561
50.4194
52.2975
53.7521
49.5906
46.5746
52.6033
53.819
53.3333
52.0083
53.0168
53.3333
53.4957
100
53.6885
53.822
52.5447
51.5122
53.7227
52.9916
56.6348
51.811
40.566
53.2083
44.1987
63.7534
69.2077
54.1849
52.304
52.3689
55.1008
42.1987
55.161
51.9194
55
52.9504
55.661
41.4258
53.5372
48.9925
52.9752
53.8667
54.1709
52.9918
55.025
51.0976
53.175
53.1667
41.1795
53.0917
53.6364
53.0083
53.7769
41.2532
54.2833
53.0083
54.1261
53.525
40.5839
52.0656
50.6172
54.1557
55.2735
54.719
52.2397
53.9412
51.8115
54.7686
48.3333
51
53.7083
52.6911
54.4118
53.124
52.9008
54.1017
41.4605
52.6
54.0678
54.2797
53.6885
50.1667
53.1083
53.157
44.3745
98.7343
89.555
72.5144
67.005
79.5513
77.4305
52.6309
77.292
72.0148
69.3806
48.3386
67.7615
57.9732
50.6242
62.4958
61.6612
65.7759
56.4504
41.1878
29.415
51.3929
62.1371
60.8374
62.7851
58.5238
64.547
58.8175
60.281
54.5725
58.0579
57.4032
56.6694
57.5081
57.5902
57.418
57.0323
57.3333
57.5656
57.3577
57.1935
54.2214
57.5
59.475
58.2917
59.1167
58.2333
53.8615
58.1311
56.5935
58.9333
57.5738
58.0496
55.4264
58.2727
57.9918
58.0082
63.2544
59.5868
53.812
60.3223
60.0583
59.0574
59.1545
58.959
65.7972
57.216
56.7419
57.9106
56.8871
58.0331
57.8934
50.8201
58.1967
57.5492
54.6667
56.7967
57.9262
57.0826
52.8154
57.5702
56.9504
56.4098
57.5
27.4467
54.9675
49.3643
52.1364
57.4
55.7705
51.2533
20
55.0167
68.5391
53.4958
51.144
55.1405
52.0083
55.5714
42.72
22.8667
55.8824
52.6532
54.0656
53.5403
53.6942
54.6891
50.9688
46.4551
79.2994
71.0748
75.4104
65.0567
68.1221
66.8661
58.4755
62.4219
61.746
61.9435
58.373
58.7967
56.776
45.98
55.378
51.9627
56.9917
57.0909
57.5289
53.2385
53.0615
56.6935
57.124
56.9016
58.281
56.3659
56.6774
57.1803
51.5259
56.5328
55.8145
52.542
53.6794
57.839
56.4132
52.959
52.9833
53.6134
49.0469
52.5984
40.1465
52.082
53.0248
53.3417
52.8926
50.0157
52.2459
52.6033
52.9917
49.7031
48.9154
57.4912
51.7561
55.5508
53.75
54.6833
37.3099
53.0976
53.521
48.6466
41.1579
52.3525
55.1008
55.1017
48
53.4426
52.126
54.2773
54.1849
53.5902
53.4876
52.281
53.2645
54.5882
53.1463
53.5537
50.9843
54.3802
53.3554
52.9167
48.1203
49.3798
51.6748
52.8443
51.5238
54.775
52.041
52.8374
51.3871
53.15
53.395
34.7432
53.3659
53.2975
54.175
52.6942
47.5224
53
52.9333
48.9692
52.9664
53.9167
38.1588
52.1475
55.4786
53.5833
53
39.3375
51.0492
51.1694
53.3583
45.3169
53.0574
52.9669
54.9831
55.3866
52.5328
42.0909
51.877
54.9231
49.4685
59.6466
45.5396
54.3559
53.5798
54.5417
48.3881
52.157
52.9167
52.6694
53.1983
52.3607
52.5833
52.0164
39.2037
52.2167
53.0336
57.7563
55.6393
35.8161
50.9032
52.9024
52.6774
50.3828
49.3182
47.4676
51.6667
54.85
53.6555
53.6917
53.8667
51.6777
52.2869
54.7203
53.4793
46.0143
52.4228
52.288
56.5574
56.6
57.5455
55.7417
47.2536
52.2984
47.5368
49.2615
42.0131
51.288
53.0738
54.1525
53.9421
53.2479
51.5366
53.3417
53.3277
51.1406
53.096
34.6256
51.4688
57.2735
53.0917
51.3083
51.2975
53.6638
49.4274
37.0859
53.1849
53.1356
51.2689
47.3023
50.3167
52.6667
51.5932
50.9667
49.7273
45.6343
48.3228
50.7333
44.7206
53.025
51.9174
36.1198
52.0083
51.7034
50.725
46.7231
50.1917
53.4435
51.8264
53.0336
41.0338
42.1849
52.4167
49.5455
49.8583
52.35
51.6557
54.3636
52.3525
53.6667
39.805
53.05
54.0496
45.1958
51.1885
52.725
52.3719
54.5169
35.4767
50.0656
53.6325
53.0256
51.575
52.4454
50.0083
51.605
52.1186
37.5904
50.6721
51.2333
51.4667
50.65
51.1417
51.7059
50.35
51.7273
51.9322
51.5417
50.2602
50.5873
50.9583
56.1491
54.2034
49.0714
44.0709
51.8417
48.4173
48.3359
54.123
45.4818
51.0744
52.7179
53.2295
46.6894
53.5868
57.0088
40.1576
40.2956
53.7917
54.075
52.6917
40.719
49.9752
50.9752
52
51.3529
51.5583
50.2417
50.6777
47.8594
52.521
41.34
48.7597
51.2417
52.3333
53.4068
42.3403
49.8699
53.2393
50.95
40.4533
50.5667
52.1597
52.0847
50.595
48.704
52.7311
35.6879
50.2066
48.4961
52.65
51.6303
51.5294
39.0321
51.625
52.7155
54.2069
39.5
50.7917
51.7712
51.2017
52.4333
59.5336
85.0847
83.8457
78.3774
75.0258
74.2635
76.5985
74.2667
70.8667
69.4504
68.1832
67.8516
65.189
63.315
64.0645
62.552
61.0945
62.3496
59.8049
59.4228
60.2295
56.8145
63.087
59.5785
57.7459
56.8595
56.1746
51.1064
57.6829
47.3878
43.8129
54.6423
55.439
50.3308
56.1951
55.7541
57.2205
56.719
56.9
56.4132
56.3058
55.6833
51.916
57.4407
55.9752
56.0083
55.4836
55.843
55.3089
47.669
29.9955
55.1901
56.4793
56.6695
51.8359
55.4672
45.9116
54.2667
55.1967
55.1057
54.374
54.3802
56.8319
54.322
53.8583
54.479
26.0766
54.6446
57.4068
57.3025
54.9008
56.3333
52.313
56.2645
54.2645
54.0534
55.876
57.125
56.4333
56.1333
57.9417
28.0128
53.9754
56
55.3171
55.1901
57.2458
58.1864
56.45
56.525
51.5736
53.992
52.3906
58.8596
53.5917
57.4103
52.7769
55.2583
53.4918
55.1949
56.7966
54.6417
52.6124
52.8033
50.7895
56.0656
53.9837
47.6319
56.5546
56.0726
59.1849
57.5847
56.6186
58.1111
56.9244
56.395
28.1568
54.6116
50.8045
55.395
54.0083
55.4538
53.8361
56.5882
54.6942
56.1333
57.8347
57.1864
48.4493
51.1024
53.5656
50.4062
57.5339
52.7829
55.9244
57.9138
57.2437
56.44
57.9664
55.9748
57.4153
56.8182
51.3385
55.9417
54.405
54.2937
56.475
57.2185
55.439
53.5738
56.6446
56.0924
55.843
56.75
55.825
55.8487
55.1074
51.4186
55.9504
41.5938
55.2417
52.7417
48.6241
48.8
51.0373
32.9091
55.7886
56.1488
55.6311
55.9587
56.595
29.3156
29.8908
54.9669
50.6288
59.0769
56.4876
56.3
53.7869
55.2623
55.6148
56.7167
57.3058
57.0084
53.2385
56.0331
53.7377
55.6504
51.5496
58.4622
56.082
53.9355
55.8678
55.2562
56.8843
56.25
46.5205
57.0579
55.5935
56.0331
56.1681
58.0336
55.275
56.9
54.2258
28.2179
53.3197
55.6667
54.2562
40.4383
50.2093
55.6303
55.0769
55.1653
53.7934
55.3197
57.2797
55.084
54.6471
56.4746
46.554
52.9268
26.1937
16.432
17.0747
11.7077
16.4527
17.0154
16.5693
16.2958
16.8655
16.7213
17.0206
15.6699
16.8995
16.9922
16.7974
15.4023
17.665
17.1337
17.2802
16.5325
16.7275
16.4976
17.3233
16.2096
16.9323
17.2431
17.4386
17.1064
16.8603
17.0477
16.2679
17.0078
16.6675
17.6237
15.0919
16.7442
13.6604
15.0792
11.0848
16.6471
16.2978
16.7513
16.8673
16.5669
16.2761
16.1141
16.8533
17.1525
17.2618
17.0375
16.4063
16.5195
17.3308
17.4278
16.9574
16.4732
17.3436
17.041
16.9641
16.1679
16.5394
17.1667
17.2128
17.005
16.7667
16.859
16.9077
16.8256
16.3488
17.4499
16.8021
16.928
10.804
12.334
11.0598
16.3964
17.3333
16.8721
16.9409
17.1186
17.2813
16.7512
16.2854
16.3944
16.4854
13.0075
15.7208
16.4709
16.4964
13.281
13.2731
14.9627
15.4082
16.6951
16.6878
16.3434
16.7756
17.4461
16.5854
16.865
16.4388
17.1759
16.9703
16.8703
17.2795
16.9485
16.8505
16.8226
16.8406
17.1178
16.6505
16.3484
16.6618
16.8215
16.5048
17.1583
14.8503
17.1222
17.3392
17.0748
16.945
17.07
16.1754
17.3417
17.2807
16.9322
16.7457
17.1626
16.89
16.939
16.9575
17.0625
17.0439
17.0425
16.3543
16.7628
17.4812
16.797
16.1502
16.99
16.97
17.1579
17.085
11.1489
16.2506
12.1277
12.4073
15.2306
17.3183
16.1214
17.02
16.7027
16.0679
16.7579
16.7366
17.2531
16.8822
16.9275
17.0859
16.8127
16.8828
16.8659
17.0426
16.739
16.6878
16.6235
17.0807
17.125
17.075
17.309
17.0301
16.2817
17.1915
17.2798
17.0549
17.1945
17.1905
16.1238
17.0391
17.14
16.8561
16.9122
17.0711
16.5355
16.0673
16.8805
16.6545
17.1467
16.8753
17.306
13.3556
13.2344
15.5395
12.4809
11.6079
15.5523
16.9875
17.1025
17.1122
6.12375
7.38652
7.29464
9.78184
7.76638
9.53233
10.0723
9.11625
10.1248
9.68872
8.71448
9.94127
9.20448
9.87801
9.31313
10.1611
9.66867
9.33944
9.16129
9.43534
10.0694
9.40113
10.1988
9.63111
9.50281
9.96229
9.84789
9.55064
9.92898
9.56921
9.4831
9.93275
9.53352
9.23934
8.12685
8.22302
9.40671
9.55029
9.88613
9.76239
7.7973
7.19933
9.41314
9.85714
8.52597
9.01255
9.77628
9.69729
9.75785
8.37565
9.62994
9.23885
9.65913
9.25
9.89442
7.55048
7.5012
7.6151
8.23722
9.64414
9.1963
9.41903
9.46933
9.61004
9.64662
9.81146
9.7451
9.21664
9.81426
9.74548
9.8812
9.74433
9.84917
9.57895
9.28551
9.76084
9.50642
10.0696
8.83079
9.62162
9.66667
9.11473
7.94289
9.37952
9.89442
9.69127
8.56671
7.51018
7.54227
8.8
8.95562
9.89355
9.70677
9.6994
9.64759
9.65813
9.50593
9.67421
9.72097
9.32555
9.41802
9.66416
9.63142
9.79123
9.17354
9.62594
8.96832
9.70783
8.94979
9.21708
9.69184
9.82951
9.41335
9.76692
9.81129
9.65008
9.66466
9.62556
9.33146
9.46724
9.73343
10.0075
9.63759
9.93835
9.51699
9.90841
9.85307
9.69474
9.73946
9.60268
9.7203
7.53189
9.2052
9.71601
9.60565
9.48207
9.36662
9.3688
10.0347
9.83133
7.1758
7.43504
7.67831
7.40047
7.40882
9.4093
9.16431
9.87048
9.50147
9.62801
9.61261
9.71988
9.78107
9.64414
9.92632
9.72508
9.47016
8.65714
9.43825
9.67111
8.72005
9.4367
9.57843
7.72652
8.15301
9.09246
9.95646
9.69683
9.74777
7.57818
7.54427
7.56136
7.61842
7.65333
7.65375
7.82864
7.55394
8.87983
8.64979
8.88154
8.54122
8.79558
9.59503
9.46086
9.94118
8.56834
9.03916
8.09615
9.64768
9.87613
9.64103
9.25529
9.82982
9.18571
9.87092
8.70435
7.39394
10.2217
9.83526
9.18595
9.87048
9.65564
9.22361
9.57163
9.87243
1.11524
1.64605
1.98995
1.81141
1.8454
1.86147
1.8441
1.79084
1.81454
1.87741
1.85095
1.81963
1.8198
1.87722
1.92008
1.74333
1.65972
1.8898
1.94745
1.86602
1.92134
1.91403
1.93116
1.86168
1.92657
1.83512
1.8857
1.97888
1.92759
1.90108
1.77384
1.83423
1.80023
1.85792
1.81366
1.85481
1.7262
1.82632
1.82442
1.66609
1.88113
1.85206
1.75656
1.8797
1.84067
1.8574
1.79182
1.94198
1.77978
1.39433
2.12791
1.85796
1.76987
1.7695
1.66963
1.89575
1.95142
1.84779
1.80246
1.80268
1.81269
1.78484
1.82669
1.76609
1.85643
1.85447
1.77538
1.8688
1.74308
1.79478
1.69752
1.68563
1.92491
1.74723
1.81637
1.69848
1.77351
1.89594
1.71866
1.83204
1.82149
1.79747
1.77259
1.85033
1.86765
1.74868
1.91251
1.75049
1.62801
2.19577
1.9176
1.86235
1.90764
1.79297
1.83952
1.84916
1.92596
1.85132
1.78997
1.72208
1.77995
1.91345
1.80706
1.81388
1.57935
1.80634
1.87025
1.92452
1.94018
1.86025
1.90288
1.84322
1.81255
1.75735
1.85442
1.44933
1.82238
1.85171
1.89919
1.84442
1.83139
1.74115
1.69062
1.83508
2.01243
1.75438
1.92099
1.74498
1.91432
1.79004
1.63472
1.84835
1.88181
1.9363
1.80664
1.88154
1.88347
1.81156
1.8921
1.8132
1.74134
1.79966
1.88961
1.9133
1.81483
1.79425
1.85702
1.81487
1.78397
1.86343
1.79799
1.78436
1.90443
1.7844
1.73809
1.88828
1.65336
1.75626
1.83569
1.83293
1.754
1.91391
1.80938
1.80827
2.00444
1.83824
1.8445
1.79867
1.77108
1.89137
1.78431
1.78059
1.84977
1.8481
1.76437
1.795
1.84609
1.50225
1.78709
1.80563
1.85553
1.97583
1.72737
1.81236
1.81031
1.7549
1.90665
1.90312
1.75134
1.88457
1.81466
1.74669
1.89063
1.67154
1.81314
1.79667
1.71469
1.8874
1.88969
1.85032
1.8514
1.85532
1.81795
1.72357
1.92498
1.80107
1.84085
1.8386
1.70781
1.88381
1.79921
1.86398
1.77635
1.92035
1.71005
1.76643
1.87131
1.76162
1.77787
1.83213
1.80877
1.8386
1.87697
1.80035
1.86905
1.66207
1.7234
1.82892
1.86826
1.76326
1.89688
1.90887
1.79165
1.87451
1.79112
1.91083
1.87206
1.83984
1.89459
1.76905
1.91963
1.78089
1.8669
1.82455
1.78682
1.77968
1.84079
1.71148
1.82943
1.86107
1.87106
1.76334
1.87408
1.91124
1.85
1.83038
1.89936
0.175909
0.0470384
1.04245
0.108723
0.0980268
1.76318
1.18417
1.04623
3.67887
1.20249
90.12
0.456421
0.985419
0.118521
0.0941929
0.841311
0.115147
0.102105
1.81819
1.22096
1.06493
3.73669
1.1782
92.6957
0.430947
0.966433
0.11704
0.106814
0.846918
0.117376
0.10862
1.79644
1.16984
1.07482
3.65187
1.21906
93.1739
0.456023
0.969931
0.118723
0.0992803
0.859141
0.120924
0.110918
1.79498
1.18282
1.07547
3.71957
1.22485
91.0851
0.439284
0.952795
0.121809
0.0966946
0.823589
0.122289
0.0982916
1.80134
1.18971
1.08683
3.65435
1.1928
79.9231
0.429438
0.959258
0.109848
0.107011
0.779111
0.117495
0.108099
1.77984
1.15941
1.01508
3.54143
1.20767
89.7174
0.427233
0.955002
0.122178
0.104813
0.808505
0.118539
0.106464
1.75135
1.17496
1.06847
3.76041
1.22126
82.9259
0.436961
0.951627
0.118397
0.0977184
0.841713
0.118825
0.114716
1.82208
1.22271
1.05579
3.65964
1.20082
92.8542
0.45815
0.939111
0.119194
0.106542
0.812643
0.108474
0.104261
1.7313
1.19426
1.07325
3.70798
1.1981
91.6042
0.446088
0.969248
0.119569
0.0988784
0.827357
0.120263
0.110432
1.72152
1.22364
1.06041
3.67901
1.17934
92.5957
0.453666
0.935691
0.11042
0.108287
0.838134
0.1224
0.105531
1.75408
1.20087
1.06329
3.71774
1.18005
90.3125
0.441701
0.96311
0.114999
0.106662
0.823695
0.121729
0.0979561
1.65043
1.20662
1.04648
3.52933
1.19973
47.9565
0.446853
0.895373
0.115123
0.103189
0.837868
0.120154
0.109517
1.70586
1.20646
1.04877
3.62021
1.21559
92.087
0.446231
0.951566
0.119319
0.099048
0.855282
0.111044
0.112531
1.80586
1.21672
1.07606
3.66445
1.20539
74.5273
0.444775
0.964322
0.1194
0.11148
0.815137
0.118757
0.104295
1.7935
1.1778
1.0567
3.57213
1.20019
87.3191
0.443847
0.991826
0.11942
0.0965641
0.840473
0.112682
0.107666
1.75604
1.19119
1.08281
3.6812
1.19822
90.1458
0.436175
0.952263
0.289628
0.101369
0.814953
0.116939
0.105675
1.77654
1.19374
1.07335
3.7577
1.2136
84.7292
0.438909
1.00248
0.112453
0.107679
0.834898
0.118453
0.102531
1.66744
1.42528
1.14621
3.8333
1.26025
72.4167
0.44613
0.992705
0.116973
0.102226
0.795713
0.113971
0.104093
1.81068
1.16964
1.0686
3.60363
1.1951
86.2826
0.43018
0.975819
0.119304
0.108594
0.817016
0.115166
0.101225
1.80673
1.20226
1.0571
3.6412
1.13006
93.0851
0.459419
0.987922
0.117691
0.111459
0.834282
0.119103
0.104616
1.80711
1.18305
1.07326
3.70679
1.17451
85.087
0.440055
0.964238
0.120385
0.103025
0.822437
0.125209
0.100676
1.77563
1.20218
1.05612
3.58389
1.17553
90.1304
0.428763
0.964456
0.122222
0.101538
0.811559
0.123925
0.10532
1.78486
1.19946
1.07249
3.69601
1.2008
88.5435
0.435602
0.976323
0.11189
0.106071
0.831955
0.120621
0.105595
1.71421
1.2048
1.06944
3.63263
1.17692
85.0435
0.425255
0.997142
0.119646
0.10054
0.826735
0.120634
0.103876
1.74341
1.19193
1.07492
3.69258
1.19488
86.5745
0.439974
0.954914
0.113756
0.106317
0.832893
0.121253
0.10452
1.78904
1.20502
1.0277
3.52291
1.17583
90.9545
0.423604
0.971156
0.116936
0.104637
0.831846
0.116396
0.103651
1.74276
1.17707
1.04934
3.74504
1.20834
86.8511
0.432291
0.955414
0.118031
0.107926
0.833203
0.122833
0.104667
1.7382
1.18166
1.06456
3.69837
1.1968
90.913
0.396056
0.878498
0.115038
0.107508
0.823522
0.120269
0.101845
1.76059
1.19547
1.12676
3.7475
1.19949
90.3478
0.427402
0.945226
0.119229
0.106901
0.834321
0.113762
0.106622
2.67111
1.4843
1.16322
3.89903
1.22189
80.0847
0.465961
0.964135
0.117824
0.106641
0.83718
0.123756
0.113417
1.76012
1.19178
1.07242
3.75608
1.20762
84.9362
0.433008
0.981857
0.115514
0.101615
0.823008
0.116296
0.104826
1.79232
1.19095
1.06301
3.70907
1.2158
90.2083
0.454635
0.934371
0.113711
0.103836
0.113098
0.10526
0.471804
1.05551
1.22776
1.07287
1.21054
100
0.420373
0.781446
0.0020518
0.000375967
0.00204047
0.412921
0.00568935
0.419924
0.020097
0.337224
0.0177253
0.301991
0.0212766
0.330729
0.0204082
0.351779
0.0175976
0.35101
0.019708
22.2421
0.0912795
30.5004
100
0.0384615
0.102484
0.39375
0.0346021
0.311496
0.0350711
0.325255
0.027027
0.349781
0.0262391
0.319549
0.02526
0.31677
0.0281583
0.305353
0.0271493
0.319497
0.0236899
0.343284
0.025641
0.310513
0.025289
0.329897
0.0284644
0.320802
0.0256024
0.304659
0.0266362
0.309877
0.0289193
0.340852
0.0266565
0.322013
0.0279667
0.3
0.0326409
0.310049
0.0267994
0.309406
0.0280303
0.313283
0.0252874
0.332512
0.0277575
0.314607
0.0243728
0.317955
0.0260536
0.297136
0.0409154
0.315327
0.0252788
0.316646
0.0261137
0.312814
0.0243542
0.31592
0.0261538
0.281356
0.0288809
0.332112
0.0252161
0.332203
0.0257771
0.313433
0.0284397
0.304668
0.0262566
0.318695
0.0261941
0.33873
0.0267176
0.315855
0.0257576
0.297872
0.0282528
0.304136
0.026738
0.316646
0.0256798
0.31625
0.0258555
0.310429
0.0276074
0.336646
0.0287879
0.314143
0.0258949
0.308068
0.0267062
0.325477
0.0251852
0.328818
0.0265353
0.313433
0.0283525
0.315403
0.0273973
0.315394
0.0257381
0.302046
0.0284397
0.306452
0.0235911
0.321782
0.0276923
1.3407
0.0296296
3.15325
0.150804
3.06908
0.144704
3.07245
0.0363392
3.11802
0.0382253
3.07387
0.141042
3.15686
0.158828
3.03728
0.0362765
3.08509
0.0420854
3.15082
0.157104
3.15325
0.150495
2.90644
0.0364238
3.25796
0.157788
3.03922
0.14623
3.02043
0.146801
3.01788
0.0381731
3.12335
0.161854
3.14528
0.154911
3.28869
0.197832
3.19629
0.0362797
3.09979
0.164057
3.30568
0.155853
3.12364
0.0366102
3.26564
0.0358073
3.0766
0.159352
3.08206
0.15178
2.89754
0.0344603
3.4861
0.0381356
3.08725
0.163475
3.00773
0.152982
3.23799
0.0376153
3.09637
0.15939
3.14077
0.152909
2.87429
0.172704
3.13029
0.0382742
3.08066
0.169231
3.2677
0.165742
3.17905
0.163199
3.0565
0.036729
2.90029
0.168625
3.04873
0.168768
5.35647
0.0429066
6.01879
0.045582
44.4911
2.73805
2.16747
2.75907
2.02183
53.5429
0.94325
0.124798
0.302721
0.102665
0.23651
0.104129
0.230159
0.0972569
0.204842
0.0945073
0.184659
0.0913012
0.435284
0.0872954
0.18851
0.0943838
0.191939
0.086546
0.202783
0.0799087
0.198259
0.0826686
0.241315
0.0877743
0.196
0.0833333
0.203668
0.08636
0.197544
0.0773994
0.194089
0.0834002
0.189007
0.0894176
0.190332
0.0795545
0.2
0.0836785
0.190955
0.0839506
0.19877
0.0783699
0.194499
0.0874587
0.189759
0.082449
0.2
0.0826307
0.195148
0.0856898
0.185976
0.272093
1.8638
0.725341
1.84068
0.76439
1.93265
0.715272
1.76703
0.712687
1.78196
0.724827
1.94129
0.756322
1.92509
0.73534
1.82613
0.802317
1.94761
0.720633
1.90233
0.743668
1.91561
0.714392
1.81197
0.721805
1.86575
0.74749
1.94002
0.700746
1.87339
0.766513
1.81589
0.727273
2.01256
0.73283
1.95251
0.786207
1.90137
0.738766
3.0133
1.3869
3.45221
1.05441
0.369392
0.0149673
0.000245961
0.000803927
0.39085
0.0363385
0.368547
0.021021
0.339088
0.0158371
0.341689
0.0161538
0.356863
0.0199387
0.299643
0.0187547
0.326683
0.0201643
0.335544
0.0161663
0.334218
0.0159574
0.330719
0.0168582
0.36352
0.017638
0.329815
0.0182094
0.334661
0.0156366
0.35101
0.0266972
0.325974
0.0162037
1.49559
0.0214533
3.18213
0.028321
3.09597
0.030303
3.34503
0.02977
3.36301
0.0300546
3.05882
0.0285146
3.42204
0.0278884
3.22529
0.0289757
3.36907
0.0294306
2.93127
0.0282232
3.05567
0.030843
3.38192
0.0295082
3.46525
0.0293115
3.37385
0.0306748
3.31669
0.0311634
3.23707
0.0305292
3.05587
0.0294925
3.50117
0.0312283
3.44983
0.0298211
3.24385
0.030492
3.2832
0.0300958
3.15345
0.0311442
3.34065
0.0294118
3.34994
0.0308854
3.14005
0.0327133
3.34382
0.0276653
3.30988
0.0386473
3.37801
0.0260448
3.01002
0.0277411
3.44624
0.0306958
3.25854
0.0291451
3.47086
0.0277402
3.18701
0.0297578
24.5825
0.544959
4.72904
0.547224
4.50395
0.537377
4.99698
0.570919
4.8004
0.526242
7.51816
0.330675
0.611729
0.015919
0.000301161
0.00082336
0.783486
0.024911
0.341615
0.0166305
0.32491
0.0210603
0.339196
0.015625
0.34418
0.0157143
0.329253
0.0187126
0.312802
0.018544
0.339818
0.0155096
0.339378
0.0152616
0.341935
0.0164918
0.322864
0.02555
1.37485
0.0207219
3.37911
0.0286285
3.30787
0.0307898
3.3578
0.0276862
3.51831
0.0296296
3.20418
0.0291005
3.29933
0.0277962
2.91708
0.0374753
3.40924
0.0304434
3.21584
0.0280862
3.11492
0.0277953
3.45786
0.0291324
3.4127
0.0293529
2.91155
0.0309877
3.46243
0.0291391
3.40046
0.0299003
3.3053
0.0255474
3.36513
0.042961
3.47248
0.02955
3.2444
0.0307882
3.06038
0.0331345
3.42261
0.0309007
3.18349
0.0359099
3.09667
0.0363276
3.13326
0.0303413
3.24213
0.029274
3.29545
0.0310436
3.46057
0.0313125
3.02808
0.0286048
3.3382
0.0291198
3.3042
0.0306055
3.38952
0.0273159
3.32457
0.0286667
3.41403
0.0306989
3.46796
0.0272727
3.18792
0.0265268
3.47758
0.0329164
3.33809
0.0285194
3.10073
0.0310641
20.3667
2.38279
0.0281501
3.51661
0.0272446
3.43905
0.0295898
3.40741
0.0290955
3.36872
0.0271248
3.35722
0.0291074
3.4828
0.0263473
3.46554
0.0277778
3.2472
0.0314381
3.29669
0.0294118
3.35398
0.0298895
3.68409
0.0307076
3.33141
0.0289093
0.109894
0.0232307
0.129973
0.184156
0.0877637
0.192227
0.086661
0.184554
0.0941667
0.186406
0.0891174
0.191176
0.087069
0.166052
0.106992
0.186165
0.0878763
0.188088
0.0883602
0.189529
0.0863986
0.187436
0.0959378
0.184183
0.0897325
0.208377
0.0872193
0.163603
0.12317
0.18862
0.0846024
0.192429
0.0873702
0.181448
0.0921619
0.188421
0.0796813
0.206283
0.326241
1.70687
0.743169
1.64747
0.710562
1.59508
0.694061
1.67496
0.838205
1.61313
0.707284
1.80066
0.743224
1.99635
0.746627
1.52396
0.823003
1.67895
0.742188
31.3327
1.08177
1.4053
1.08792
1.34856
1.24867
1.32602
1.07148
1.4166
1.08812
1.47049
1.0859
0.847141
0.0166813
0.000302602
0.000819346
0.572782
0.0276792
0.389578
0.0216138
0.340606
0.016129
0.345771
0.0166425
0.3213
0.0209993
0.335419
0.0155807
0.340824
0.0154712
0.3302
0.0215934
0.32702
0.0175953
0.344516
0.0184775
0.332903
0.0154298
1.34327
0.0202482
3.32301
0.0288336
3.34602
0.0301609
3.27193
0.0311082
3.16222
0.0296296
3.46171
0.0301047
3.42087
0.0291391
3.17137
0.029703
3.36782
0.0295699
3.41507
0.0293725
3.47586
0.028013
3.38616
0.0299601
3.26267
0.026455
3.37008
0.0288147
3.40982
0.0293734
3.3915
0.0366422
3.23423
0.0288714
3.50671
0.0304032
3.41236
0.0286086
3.10245
0.0309007
3.40468
0.0308804
3.30033
0.0301609
3.35588
0.0288714
3.25344
0.0391901
3.4339
0.0291005
3.27741
0.0300601
3.42616
0.030914
3.31657
0.0283454
3.47079
0.035809
3.37233
0.0292778
3.27414
0.0302013
3.27752
0.0278859
3.41629
0.0291198
3.39313
0.0315648
3.43792
0.0286624
3.2392
0.0301205
3.31579
0.0313099
3.28726
0.0306389
3.33628
0.0302013
29.9655
2.28605
0.0240104
3.32673
0.0288092
3.51591
0.0298013
3.36165
0.0286458
3.55107
0.0313931
3.39043
0.0289664
3.3374
0.0288591
3.28637
0.0292969
3.35746
0.0279813
3.46493
0.0284016
3.45165
0.0295302
3.30673
0.0282895
3.2951
0.0295302
0.131455
0.0188632
0.174078
0.0467507
0.128592
0.141147
0.143338
0.144137
0.129238
0.140557
0.132541
0.140942
0.137621
0.138514
0.128625
0.140598
0.128081
0.139571
0.158518
0.140377
0.127728
0.136016
0.130632
0.1375
0.147033
0.138528
0.132261
0.164087
0.13557
0.144072
0.131366
0.168577
0.131996
0.140112
0.131189
0.135082
0.132684
0.134881
0.419532
1.32661
1.27832
1.31797
1.07393
1.38844
1.1427
1.31335
1.28133
1.28555
1.2435
1.27956
1.14491
1.42935
1.12306
1.33354
1.31832
1.27898
36.8693
1.65567
0.746835
1.7169
0.90018
1.79716
0.902761
1.71378
0.836747
1.66135
0.71321
1.65078
0.721698
0.452497
0.0147221
0.000332658
0.000934852
0.390939
0.0106859
0.357609
0.01875
0.331375
0.0169952
0.329825
0.0190664
0.347395
0.0142395
0.401998
0.0159536
0.344787
0.0210909
0.33794
0.0155039
0.337838
0.0165349
0.400246
0.0202605
0.318182
0.016835
1.50473
0.018046
3.40508
0.0283323
3.26988
0.0280374
3.66551
0.0292748
3.45596
0.0304799
3.15201
0.0308932
3.35221
0.0307487
3.32914
0.0292398
3.47405
0.0295699
3.46644
0.0290886
3.20457
0.0302216
3.4714
0.0289203
2.84078
0.0284204
3.27348
0.0292276
3.48926
0.0297816
3.13143
0.0269443
3.56501
0.0303239
3.39048
0.027326
3.27352
0.0296905
3.48605
0.0291971
3.26286
0.0288264
3.21519
0.0291744
3.54988
0.027027
3.42659
0.0296756
3.39348
0.0270951
3.3132
0.0298819
3.47574
0.028866
3.46831
0.0283828
3.66706
0.0284327
3.298
0.0275229
3.17837
0.0639456
3.47176
0.0345036
3.25319
0.0300704
3.49618
0.0348226
3.40445
0.0351317
3.40178
0.031586
3.23333
0.0304601
3.49833
0.0318389
3.6308
0.0314802
40.1667
1.99767
0.0207286
3.37358
0.0302013
3.31842
0.0325581
3.50853
0.028699
3.46171
0.0297784
3.31235
0.0287868
3.52052
0.03002
3.73168
0.0291869
3.47777
0.028013
3.02899
0.0269151
3.55751
0.0308008
3.49941
0.0305445
3.14286
0.0268966
0.174774
0.016198
0.181095
0.116194
0.156673
0.110517
0.154067
0.118409
0.149074
0.108997
0.157744
0.114497
0.147086
0.123262
0.155189
0.157614
0.15625
0.112389
0.155857
0.114497
0.15
0.116123
0.151545
0.109502
0.149485
0.113658
0.135914
0.122905
0.152152
0.106655
0.157
0.108856
0.151786
0.11692
0.145053
0.113296
0.150644
0.109009
0.624895
1.01022
1.4
1.14564
1.54942
1.02587
1.30039
0.951613
1.69444
0.941126
1.39134
1.11412
1.32177
1.18205
1.5259
0.85381
1.46827
100
3.17276
0.144955
3.1098
0.161397
2.75282
0.163043
3
0.167355
3.19493
0.187924
3.10754
0.155676
2.24004
0.0179667
0.000354066
0.000913871
0.449205
0.0113264
0.389175
0.0192753
0.306273
0.0163934
0.349604
0.0148368
0.337748
0.0153846
0.339174
0.0177196
0.327586
0.0150229
0.335561
0.0224806
0.33557
0.0150376
0.329412
0.0162413
0.318987
0.0178156
1.4488
0.0192947
3.32308
0.0281207
3.43824
0.0264026
3.20713
0.0295127
3.41935
0.0274056
2.79676
0.0340265
3.24631
0.0350657
3.11672
0.0370138
2.96509
0.03621
3.01702
0.0302632
3.49262
0.0329144
3.59481
0.0301205
3.25368
0.0298895
3.3539
0.0292778
3.30911
0.0288462
3.53213
0.02998
2.73679
0.0279813
3.59158
0.028699
3.24298
0.0279255
3.44332
0.0283733
3.01399
0.0279441
3.59102
0.0296756
2.82687
0.0346703
3.4578
0.0300401
3.18839
0.0639777
3.41782
0.0276753
3.33855
0.0300401
3.27039
0.0297578
3.25799
0.0267624
3.40909
0.0287818
3.41677
0.0324954
3.4719
0.0272068
2.94462
0.0303644
3.54119
0.0304838
3.16066
0.0278155
3.55477
0.0287818
3.27079
0.0282369
3.45562
0.0276243
3.40456
0.0310559
43.1562
1.63995
0.0227901
3.66271
0.028013
3.34624
0.0309007
3.55136
0.0310988
3.29977
0.0270092
3.74706
0.0271164
3.48837
0.0247137
3.10393
0.0406121
3.18769
0.036635
3.41116
0.0315013
3.52033
0.0305648
3.58286
0.02875
3.14455
0.0288462
0.197874
0.0136906
0.281857
0.08
0.195975
0.0767903
0.210938
0.0721393
0.207965
0.0784656
0.2
0.0729254
0.200214
0.0787197
0.185043
0.0861362
0.210056
0.0729254
0.199784
0.0782609
0.194474
0.0765883
0.202882
0.078534
0.194503
0.0761246
0.227171
0.0775316
0.195719
0.0881902
0.195745
0.0765217
0.216036
0.0741049
0.207127
0.0732538
0.19705
0.268462
2.02621
0.618828
1.6799
0.56899
2.02251
0.613749
1.89446
0.637824
1.69902
0.720651
1.8866
0.578338
1.93344
0.554435
1.70195
0.694308
100
2.98852
0.154939
2.6331
0.317261
2.72275
0.160332
2.7619
0.16
2.76548
0.160811
2.814
0.267354
2.23941
0.0191479
0.000327524
0.000923117
0.372722
0.00975786
0.37246
0.0281944
0.367728
0.0346436
0.331887
0.0336538
0.369637
0.031725
0.462275
0.0439122
0.369008
0.018638
0.332168
0.0168067
0.350374
0.0190896
0.399501
0.0173787
0.338346
0.0153846
1.37234
0.0199129
3.61852
0.029582
3.37748
0.0293383
3.12369
0.0294872
3.38778
0.0283733
3.11479
0.0276382
3.43743
0.0297927
3.11224
0.0307789
3.46496
0.0284605
3.49286
0.0281518
3.55407
0.0289855
3.11852
0.0284605
3.46171
0.0281426
3.30485
0.0277957
3.17423
0.0307495
3.29654
0.0274143
3.62901
0.0289389
3.5
0.0267247
3.61973
0.025656
3.33296
0.0275344
3.51059
0.029735
3.29232
0.0258028
3.48119
0.0286272
3.18703
0.0276243
3.28947
0.0306905
3.4395
0.029051
3.24364
0.0320427
3.30425
0.0268949
3.08896
0.0324392
3.47232
0.02955
2.97696
0.0344608
3.41017
0.0321285
3.31121
0.0296343
3.23216
0.03125
3.2613
0.0286272
3.24246
0.03002
3.47429
0.0266505
3.51317
0.0291451
3.30769
0.0294314
46.4848
1.53676
0.0206585
3.22631
0.0298819
3.18723
0.0347594
3.35069
0.0257376
3.64151
0.0292479
3.48361
0.0280374
3.64195
0.0286885
3.50767
0.0270806
3.5283
0.0288784
3.30596
0.0294314
3.28652
0.0290657
3.53073
0.0283592
3.44872
0.0294118
0.207379
0.0129075
0.271523
0.0723192
0.21573
0.0717373
0.216738
0.0724138
0.213559
0.0669145
0.251892
0.0716753
0.20107
0.0759931
0.213078
0.067937
0.218223
0.0691667
0.26294
0.0729432
0.218079
0.110345
0.215488
0.0661479
0.236458
0.0703259
0.208017
0.0792839
0.214447
0.0678808
0.218962
0.0709957
0.199786
0.0752595
0.21219
0.0668842
0.213904
0.252384
2.08908
0.578629
2.04844
0.594113
2.12912
0.492147
1.85624
0.689631
1.90378
0.543079
2.03488
0.637347
2.09774
0.561605
1.95446
0.768713
97.0791
2.7393
0.164828
2.81895
0.270903
2.56509
0.207084
2.86694
0.164469
2.9736
0.158105
2.60804
0.287409
1.99213
0.019337
0.000294454
0.000896261
0.374677
0.0113036
0.373063
0.01849
0.336449
0.0150862
0.345361
0.0152616
0.318072
0.0192719
0.337209
0.0161409
0.391699
0.0178019
0.334225
0.0149813
0.343124
0.0164191
0.304294
0.0202808
0.33244
0.015456
1.51015
0.0193638
3.39096
0.0282895
3.12569
0.0290429
3.24885
0.0298121
3.27927
0.0312695
3.36885
0.0319444
3.2601
0.0282638
3.15543
0.0322173
3.28381
0.0322997
3.44601
0.0287241
3.2186
0.033121
3.21691
0.0290657
3.47512
0.0294722
3.451
0.0252404
3.21272
0.029106
3.4619
0.028169
3.53539
0.0280791
3.74438
0.0279255
3.30569
0.0264901
3.50652
0.0280438
3.71158
0.0286476
3.24355
0.03125
3.32937
0.0283784
3.49497
0.0318119
3.47636
0.0274431
3.25297
0.0329381
3.49042
0.0299443
3.3064
0.0287081
3.47219
0.0288462
2.95704
0.0290955
3.16388
0.0304709
3.3815
0.0289057
2.99281
0.0301508
3.33964
0.030492
3.50753
0.0268293
3.20913
0.0266089
3.48353
0.0290055
3.31324
0.0264901
3.49292
0.0261716
43.0938
1.747
0.0205843
3.19395
0.0259032
3.36967
0.0281598
2.92159
0.0325105
3.27862
0.0354041
2.81192
0.0340502
3.13233
0.0327186
3.28012
0.0337079
2.47637
0.0366748
3.21579
0.031211
3.27955
0.0324675
3.43724
0.0294856
3.49566
0.0286086
0.172671
0.014118
0.238438
0.0799677
0.200426
0.0814249
0.192698
0.0828352
0.195354
0.0802621
0.194792
0.0789692
0.198574
0.0837521
0.173184
0.0922953
0.201064
0.0814053
0.187885
0.117309
0.20101
0.0752773
0.202559
0.0819113
0.194709
0.0787781
0.196058
0.0796312
0.252119
0.0841043
0.197439
0.0769861
0.20276
0.0802048
0.185671
0.0944351
0.198294
0.255745
1.92385
0.883774
1.9841
0.710156
1.84477
0.711495
1.81342
0.681476
1.90943
0.772382
1.9754
0.719626
1.9395
0.769992
1.68767
0.747336
100
2.98644
0.14957
2.90836
0.159091
3.07372
0.0345997
3.30559
0.0627451
2.73926
0.150982
3.19469
0.144423
2.52336
0.0197368
0.000332466
0.00110275
0.413014
0.0101168
0.348416
0.0209084
0.335411
0.0154062
0.349127
0.0181028
0.385768
0.0165945
0.339174
0.0150376
0.346239
0.0188679
0.39375
0.0166065
0.334541
0.0169611
0.331689
0.0188953
0.39201
0.0172414
1.35379
0.0185296
3.34459
0.0242688
3.42269
0.029051
3.402
0.0269784
3.62038
0.0286272
3.20782
0.0278481
3.31178
0.028483
3.52902
0.0277427
3.46369
0.0281955
3.01468
0.0265174
3.46875
0.0276035
3.11408
0.0271103
3.35792
0.0308924
3.20894
0.0608584
3.44346
0.0284605
3.50398
0.0260116
3.48936
0.0286285
3.18282
0.0282413
3.18526
0.0260133
3.51839
0.0276527
3.10142
0.0286858
3.52583
0.0262836
3.49542
0.0279402
3.41533
0.0294314
3.16369
0.0267909
3.20065
0.0302013
3.45496
0.028133
3.2546
0.0262355
3.26207
0.0294511
3.43379
0.0252207
3.41932
0.0292018
3.55568
0.0277253
2.91405
0.0299202
3.5465
0.0270595
3.27351
0.0293138
3.49943
0.0282258
3.23085
0.0282841
3.61364
0.0301609
3.53318
0.0275689
47.1212
1.82811
0.0230112
3.42808
0.0273082
3.2481
0.0296296
3.32021
0.026533
3.17845
0.0302419
3.5155
0.0280561
3.41063
0.0268886
3.67503
0.0289562
3.34062
0.0278859
3.17308
0.0279365
3.60751
0.0284238
3.17112
0.0295302
3.23077
0.0277778
0.207114
0.0135799
0.253205
0.0726979
0.206638
0.0838223
0.207527
0.108086
0.204807
0.0738151
0.207292
0.0750825
0.199794
0.0788136
0.202355
0.0764849
0.206897
0.0752066
0.2
0.0734824
0.20197
0.0735184
0.229245
0.0769882
0.193846
0.0791426
0.204741
0.0728745
0.209903
0.0762712
0.201923
0.115612
0.206452
0.0745033
0.202051
0.0743735
0.215339
0.30245
2.00284
0.717742
1.94476
0.722653
1.84928
0.596041
1.96114
0.787072
1.99435
0.70508
1.89347
0.58122
2.02166
0.574213
1.98452
0.717376
90.9424
3.12993
0.278
2.76245
0.288667
2.53167
0.247237
3.00562
0.15122
1.58547
0.0835334
0.933024
0.00181362
0.000492254
0.00421448
0.404315
0.00872371
0.376975
0.233886
0.365701
0.213946
0.210754
0.938992
0.365929
2.4592
0.10938
2.45083
0.120711
100
1.20108
0.118217
0.565096
7.44147
1.82877
0.57466
1.61257
0.102227
0.00192999
0.000484948
0.00405592
0.377187
0.00812465
0.428954
0.209973
0.322595
0.221798
0.187976
0.229508
0.214526
2.46796
0.113548
2.46022
0.123855
2.47108
0.126777
20.569
1.81504
0.405832
0.643872
0.00190608
0.000504745
0.00429685
0.39206
0.00918745
0.422481
0.216504
0.359649
0.210859
0.190981
0.939652
0.380409
2.53519
0.109443
2.47316
0.128567
100
1.1801
0.12168
0.564081
7.24388
1.75987
0.569882
1.63339
0.104926
0.00208718
0.000529396
0.00434055
0.430573
0.00876804
0.407407
0.219249
0.346039
0.236261
0.189153
0.230617
0.224891
2.46625
0.12065
2.43865
0.12201
2.47211
0.112528
23.7
1.8639
0.416334
0.640535
0.00198401
0.000553723
0.0038602
0.399215
0.00869565
0.367662
0.215621
0.336513
0.213694
0.18406
0.922338
0.360575
2.52597
0.117651
2.44309
0.118069
100
1.17901
0.113528
0.565886
7.5773
1.79549
0.569986
1.52939
0.104886
0.00209099
0.000604414
0.003508
0.404432
0.00802998
0.425065
0.212308
0.304873
0.213208
0.193061
0.215068
0.23416
2.51592
0.117741
2.4259
0.124535
2.46333
0.128541
28.2
1.87448
0.416327
0.657553
0.00191531
0.000481109
0.00493412
0.370838
0.00958168
0.403846
0.235658
0.395627
0.251051
0.185257
0.935034
0.346274
2.5257
0.116673
2.49866
0.128402
100
1.20899
0.117037
0.563739
7.38848
1.80524
0.565259
1.63176
0.103182
0.0018624
0.000479272
0.0510837
0.436542
0.00799502
0.430464
0.225645
0.323048
0.218616
0.185495
0.232116
0.215241
2.53426
0.1235
2.47916
0.128121
2.50987
0.113421
23
1.90397
0.406977
0.656257
0.00199696
0.00050002
0.00399613
0.397598
0.00941435
0.419271
0.224813
0.334945
0.225406
0.19341
0.947097
0.402988
2.56628
0.11661
3.0866
0.122894
100
1.17603
0.120777
0.564011
7.42443
1.76191
0.55776
1.55898
0.105954
0.0019824
0.000469315
0.0035125
0.401431
0.00804117
0.416961
0.219684
0.325
0.242378
0.187622
0.228088
0.221831
2.5176
0.114331
2.49727
0.125687
2.53024
0.123058
26.72
1.88568
0.425054
0.672324
0.00188745
0.000551084
0.0039504
0.397779
0.00945738
0.432668
0.224453
0.330898
0.209605
0.192241
0.91281
0.350673
2.45704
0.114833
2.41981
0.127341
100
1.15004
0.12014
0.557806
7.3121
1.78216
0.590459
1.62785
0.109414
0.00213079
0.000501301
0.00351347
0.424896
0.00823995
0.427236
0.202674
0.324313
0.22044
0.185952
0.258559
0.231889
2.43693
0.124442
2.41191
0.122108
2.38433
0.123486
20.5714
1.65893
0.41569
0.636295
0.00196616
0.000522013
0.00394357
0.397528
0.00886814
0.412679
0.220713
0.332795
0.225264
0.186465
0.918235
0.371171
2.45637
0.118775
2.47051
0.111005
100
1.19021
0.111419
0.577109
7.27558
1.72531
0.564908
1.64176
0.102801
0.00169821
0.000617619
0.0447838
0.427257
0.00795576
0.433299
0.220357
0.320336
0.226669
0.180082
0.244609
0.211042
2.54773
0.171764
2.42049
0.122742
2.50818
0.127595
26.1154
1.91312
0.409565
0.6474
0.00191158
0.000500554
0.00396881
0.408414
0.00881671
0.433372
0.214961
0.328566
0.210359
0.200931
0.919057
0.360641
2.52928
0.118316
2.53696
0.126928
100
1.2066
0.119514
0.567025
7.02375
1.87691
0.592513
1.6452
0.101708
0.00185392
0.000485094
0.0042213
0.418309
0.00835028
0.421557
0.237874
0.318952
0.218535
0.189761
0.226138
0.219249
2.5263
0.121745
2.53515
0.123352
2.53549
0.122374
21.2745
1.9059
0.417672
0.658061
0.00179747
0.000525883
0.00379234
0.407309
0.0113327
0.415006
0.242296
0.308096
0.211791
0.205996
0.942848
0.375552
1.02887
0.146646
3.12057
0.13443
100
1.17631
0.114426
0.602339
7.00297
1.7715
0.556793
1.62499
0.10845
0.00193483
0.000414809
0.00332333
0.361715
0.0082618
0.359343
0.220128
0.396793
0.229926
0.185682
0.22011
0.204976
2.47535
0.115733
2.42035
0.119201
2.51096
0.12195
25.26
1.91288
0.415845
0.656557
0.0017948
0.000470424
0.00354786
0.353909
0.00939188
0.360996
0.233628
0.372002
0.255678
0.179541
0.888992
0.361648
2.50584
0.112628
2.45083
0.116031
100
1.17508
0.122503
0.568548
6.99448
1.85773
0.568436
1.58734
0.0965306
0.00183386
0.000460579
0.00349064
0.472222
0.00784191
0.425606
0.20947
0.296786
0.201429
0.21857
0.231798
0.218564
2.48459
0.134917
2.49065
0.126076
2.38793
0.124855
21
1.80316
0.39613
0.616004
0.00473341
0.000484895
0.00372004
0.344432
0.00949555
0.425121
0.27521
0.381967
0.194224
0.179313
0.940867
0.382989
2.47522
0.115798
2.46055
0.125687
100
1.19325
0.115519
0.581533
7.02261
1.78303
0.574998
1.62606
0.105678
0.00172983
0.000926704
0.0033422
0.387516
0.00744366
0.426245
0.216022
0.319638
0.223135
0.179392
0.219057
0.237912
2.45994
0.12747
2.50839
0.110201
2.46845
0.125009
31.8
