2057336
2057336
2057336
2057336
2057336
2057336
2057336
2057336
2057336
2057336
2057336
2057336
2057336
2057336
2057336
2057336
2057336
2057336
2057336
2057336
2057336
2057336
2057336
2057336
2057336
2057336
2057336
2057336
2057336
2057336
2057336
2057336
2057336
2057336
2057336
2057336
2057336
2057336
2057336
2057336
2057336
2057336
2057336
2057336
2057336
2057336
2057336
2057336
2057336
2057336
2057336
2057336
2057336
2057336
2057336
2057336
2057336
2057336
2057336
2057336
2057336
2057336
2057336
2057336
2057336
2057336
2057336
2057336
2057336
2057336
2057336
2057336
2057336
2057336
2057336
2057336
2057336
2057336
2057336
2057336
2057336
2057336
2057336
2057336
2057336
2057336
2057336
2057336
2057336
2057336
2057336
2057336
2057336
2057336
2057336
2057336
2057336
2057336
