2.12037e+06
6632.24
12113.9
13181.7
13647.1
13399.5
13870.5
11699.1
12594.8
3375.4
12917
12429.8
12853.9
13669.6
12375.6
13409.7
12984.4
12987.8
12532.8
12988.8
10066.6
11034
12827.2
12662.5
11362.4
13000.6
13650.5
12985.3
12752.3
12768.3
12469.1
12623.5
12813
12080.9
13196.9
13429.1
12401
12996.5
8743.57
12432.2
12824
13489.9
12819.9
12093.3
11654.2
12206.6
12989.9
12787.7
13421.2
12415.9
12222.6
12848.8
13271.2
12425.6
12863.4
13443
13016.1
13115.1
13427.4
13147.7
12975.6
12621.4
13130.7
12694.6
12739.6
13221.2
13921
12991.3
11689.3
13053.8
12805.6
12600.2
12889.5
13346.5
3047.67
12873.8
13202.4
13205
13654.7
13202.3
12585.9
12679.1
13307.8
12494.4
12630
12300.7
13422
13194.5
13204.4
12986.2
12901.5
12858.1
13194.6
13309.7
12861.6
6911.53
13201.2
13198.5
