-nan
5714.74
7018.92
8078.21
8859.86
9423.52
9898.08
10098.4
10307.5
8603.14
8861.34
9069.06
9270.99
9497.44
9655.39
9835.87
9984.97
10120.7
10219.9
10323.8
10310.8
10340
10425.8
10503.3
10537.3
10618.6
10710.7
10781.1
10839
10890.8
10933.5
10977.3
11022.9
11050.3
11104.4
11160.7
11192.5
11235.5
11152.1
11179.5
11212.9
11256
11286.6
11303
11310.9
11330
11362.3
11390
11426.9
11444.6
11458.2
11481
11509.6
11524.6
11546.4
11576.9
11600.6
11625
11652.7
11674.8
11693.4
11706.6
11726
11739.5
11753.2
11773.9
11802.4
11819
11817.1
11833.6
11845.7
11855
11867.5
11884.6
11458.8
11475.9
11496.3
11516.3
11540.1
11559.1
11570.4
11582.2
11599.6
11609.1
11619.7
11627.2
11645.9
11662.1
11678.1
11691.7
11703.8
11714.7
11728.4
11742.6
11753
11670
11684.6
11698.9
